2007001 2007-01-03 04 14 19 22 26 29 30 11 27194370 1500000 10 721811 82 9961 981 1665 5017 200 31477 50 80392 10 355066 5
2007002 2007-01-05 01 02 06 11 14 19 27 24 21050720 2750502 1 5000000 36 18851 694 1955 2603 200 23359 50 48226 10 271522 5
2007003 2007-01-08 06 08 10 21 25 28 29 11 24283926 1500000 13 560376 67 9668 1575 822 3601 200 41522 50 55746 10 413531 5
2007004 2007-01-10 01 02 03 04 08 23 28 15 23045036 1500000 2 3490152 21 37280 510 3070 2332 200 21951 50 46960 10 285902 5
2007005 2007-01-12 01 03 08 18 25 27 29 13 23169600 1500000 6 1139941 40 19070 880 1733 2571 200 25481 50 45680 10 295997 5
2007006 2007-01-15 01 04 12 14 22 25 26 18 24903850 1500000 1 5000000 24 36908 634 2794 1924 200 22608 50 40814 10 284309 5
2007007 2007-01-17 02 03 11 15 19 24 28 12 24874786 1500000 12 747228 56 12158 1444 943 3587 200 41021 50 58572 10 405140 5
2007008 2007-01-19 03 06 19 23 25 26 30 04 26070812 0 3 2368371 46 17407 904 1771 3522 200 31593 50 67863 10 360942 5
2007009 2007-01-22 01 04 12 19 22 23 25 21 25592376 0 14 406621 30 27108 1143 1422 1982 200 36162 50 36756 10 367153 5
2007010 2007-01-24 04 05 18 22 25 26 28 19 23973120 0 5 1167144 40 20841 607 2746 2453 200 22473 50 43284 10 272599 5
2007011 2007-01-26 11 16 17 20 21 27 28 30 23862070 0 3 1412494 55 11006 1218 994 3340 200 43228 50 58333 10 445227 5
2007012 2007-01-29 12 14 17 21 22 29 30 19 24543086 0 3 2017774 22 39307 649 2664 1689 200 24389 50 36377 10 291497 5
2007013 2007-01-31 04 08 12 16 20 24 28 19 23091552 0 150 36955 56 14141 1041 1521 2636 200 22908 50 46071 10 252504 5
2007014 2007-02-02 02 04 09 10 18 25 26 15 22440710 0 15 215951 126 3672 1454 636 7110 200 41069 50 97533 10 383526 5
2007015 2007-02-05 01 02 05 11 14 16 21 23 22984664 0 2 2825441 27 29898 468 3449 1905 200 20547 50 40433 10 275423 5
2007016 2007-02-07 03 09 15 19 21 22 28 07 21310318 0 5 894652 46 13892 856 1493 2948 200 27394 50 53436 10 311604 5
2007017 2007-02-09 03 04 05 07 13 22 25 27 22055100 0 2 1161738 34 19525 662 2005 3375 200 25560 50 67233 10 308633 5
2007018 2007-02-12 03 10 11 19 20 26 27 17 22960294 0 5 1100343 35 22455 919 1710 2013 200 24800 50 36489 10 276691 5
2007019 2007-02-14 04 07 10 11 17 22 30 24 20557352 0 3 1711723 21 34933 597 2457 1771 200 19098 50 33424 10 218761 5
2007020 2007-02-16 01 02 04 05 12 15 16 23 21948602 0 5 973490 23 30232 484 2873 2565 200 23319 50 53769 10 316934 5
2007021 2007-02-26 01 02 03 12 15 22 24 23 18565554 0 7 549321 40 13733 853 1287 2937 200 24849 50 44066 10 266679 5
2007022 2007-02-28 01 03 11 13 17 21 24 09 18034776 0 3 1454782 22 28339 560 2226 1324 200 18682 50 26646 10 227380 5
2007023 2007-03-02 05 07 16 17 19 20 24 01 19426064 0 4 1184198 15 45112 571 2370 1142 200 20891 50 20926 10 253943 5
2007024 2007-03-05 01 04 09 16 18 20 26 23 18593116 0 5 943318 21 32085 457 2948 1497 200 16025 50 28087 10 198223 5
2007025 2007-03-07 09 11 14 16 17 21 30 04 19137254 0 3 1696102 14 51921 355 4095 1351 200 12961 50 30283 10 177433 5
2007026 2007-03-09 01 06 10 13 22 26 29 17 19748574 0 4 1160111 35 18940 594 2232 1850 200 21513 50 33515 10 253359 5
2007027 2007-03-12 08 09 17 18 19 24 25 29 20416204 0 3 1618810 23 30164 659 2105 1687 200 21358 50 32318 10 267540 5
2007028 2007-03-14 02 06 07 20 24 27 30 01 19283286 0 3 1543525 11 60137 596 2219 1166 200 21822 50 23134 10 255612 5
2007029 2007-03-16 01 06 19 20 22 23 29 13 19310668 0 4 1101202 27 23305 710 1772 1976 200 23156 50 35854 10 251620 5
2007030 2007-03-19 02 03 11 13 15 24 28 21 20273674 0 5 731967 71 7363 1115 937 4056 200 30409 50 72017 10 330788 5
2007031 2007-03-21 05 06 14 16 24 25 30 20 19959230 0 4 1053832 32 18818 904 1332 2089 200 28651 50 36868 10 307819 5
2007032 2007-03-23 13 15 19 20 21 26 27 02 20428280 0 5 812954 35 16590 882 1316 2666 200 30358 50 46458 10 337472 5
2007033 2007-03-26 04 11 15 17 18 20 27 28 20593684 0 3 1450190 54 11509 471 2639 4566 200 19689 50 76522 10 242587 5
2007034 2007-03-28 01 13 15 17 25 28 30 22 20290700 0 1 4531686 16 40461 656 1973 1867 200 24595 50 41836 10 289419 5
2007035 2007-03-30 03 07 14 15 17 26 27 10 20424862 0 3 1573688 42 16058 662 2037 2077 200 23423 50 34552 10 266347 5
2007036 2007-04-02 03 08 10 14 15 17 22 29 20787836 0 6 943556 25 32350 334 4842 1622 200 12405 50 32153 10 166447 5
2007037 2007-04-04 06 09 11 12 13 16 27 29 19411012 0 5 549956 68 5776 1459 538 3885 200 42901 50 61190 10 409837 5
2007038 2007-04-06 01 09 15 21 24 25 29 13 20345484 5369229 0 0 17 45119 413 3714 1196 200 15766 50 25277 10 203738 5
2007039 2007-04-09 11 13 15 18 19 22 29 27 24770292 7174281 1 5000000 20 48607 388 5011 1590 200 14528 50 37031 10 200246 5
2007040 2007-04-11 01 06 07 08 12 19 24 28 22771568 0 4 3182656 55 14432 721 2201 2941 200 21104 50 45315 10 224777 5
2007041 2007-04-13 04 09 10 11 20 21 26 17 20560784 0 20 118729 141 2405 2255 400 6011 200 51896 50 75854 10 425392 5
2007042 2007-04-16 06 08 12 15 23 25 27 18 21111156 0 4 1332242 26 29280 508 2997 1954 200 18062 50 33189 10 221173 5
2007043 2007-04-18 03 05 06 09 11 23 27 13 19704708 0 4 1212350 15 46184 561 2469 1993 200 17507 50 39132 10 212464 5
2007044 2007-04-20 01 04 05 22 23 27 29 17 19502658 4763148 0 0 23 29584 460 2958 1904 200 17576 50 36856 10 224729 5
2007045 2007-04-23 09 15 18 19 21 25 28 01 22429074 0 10 884727 27 21609 1377 847 2472 200 42128 50 42799 10 425398 5
2007046 2007-04-25 04 07 15 17 19 25 29 14 19464394 0 5 915186 33 19809 624 2095 1914 200 21087 50 35294 10 242083 5
2007047 2007-04-27 01 05 06 10 18 21 23 25 19770856 0 2 2648075 12 63049 348 4348 1158 200 14444 50 23691 10 186216 5
2007048 2007-04-30 11 15 17 18 20 22 28 08 18662048 0 2 2049986 30 19523 634 1847 2298 200 22202 50 43279 10 256962 5
2007049 2007-05-02 05 06 08 11 16 18 21 29 15983932 0 2 1966461 29 19374 436 2577 1626 200 14330 50 28421 10 177551 5
2007050 2007-05-04 04 11 19 21 26 29 30 18 16406092 0 3 1334872 24 23837 476 2403 1259 200 16468 50 23760 10 201061 5
2007051 2007-05-07 01 07 10 15 18 26 29 14 17428116 0 5 877092 16 39155 530 2364 1263 200 16200 50 24369 10 193708 5
2007052 2007-05-09 02 04 07 08 11 16 18 26 17480636 0 3 1522594 17 38384 320 4078 1380 200 12441 50 29859 10 168693 5
2007053 2007-05-11 02 05 07 12 13 25 28 10 17962824 0 2 1984319 33 17180 854 1327 1844 200 23973 50 30016 10 252938 5
2007054 2007-05-14 06 08 09 12 13 14 22 24 18003972 0 4 980547 31 18074 538 2082 2896 200 18786 50 56540 10 226984 5
2007055 2007-05-16 01 02 09 10 15 20 28 30 17023652 0 5 778194 22 25266 541 2054 1828 200 19208 50 33954 10 223504 5
2007056 2007-05-18 01 05 08 10 21 26 27 24 17040826 0 2 2031300 8 72546 490 2368 1272 200 18598 50 24911 10 222576 5
2007057 2007-05-21 07 08 09 10 13 21 28 23 17016510 0 2 2077764 15 39576 498 2384 1244 200 17619 50 23984 10 206406 5
2007058 2007-05-23 01 04 06 08 14 22 25 16 16028454 0 6 473338 23 17639 1048 774 2114 200 30673 50 36047 10 295967 5
2007059 2007-05-25 06 07 08 14 16 18 23 02 16583008 0 1 4425696 22 28738 331 3820 1127 200 11833 50 22431 10 152378 5
2007060 2007-05-28 09 21 22 23 25 29 30 15 16258182 0 1 4389534 32 19596 318 3943 1242 200 10099 50 26611 10 135257 5
2007061 2007-05-30 12 14 17 19 22 25 28 13 14646488 0 3 1227051 19 27677 395 2662 1119 200 12906 50 23448 10 162881 5
2007062 2007-06-01 06 07 08 15 17 22 25 16 15307914 0 4 979540 22 25442 423 2646 1203 200 13304 50 22046 10 155449 5
2007063 2007-06-04 04 16 17 20 23 25 29 11 15291030 3739837 0 0 25 21370 356 3001 1477 200 13851 50 28696 10 175014 5
2007064 2007-06-06 02 03 07 09 11 12 24 05 16507638 0 6 1140922 35 12676 758 1170 2428 200 26555 50 44448 10 278840 5
2007065 2007-06-08 04 09 17 18 20 21 24 02 15589760 0 4 998104 9 63371 384 2970 923 200 13887 50 19911 10 171494 5
2007066 2007-06-11 02 05 15 24 27 28 29 20 15243896 0 1 3553335 10 50761 457 2221 1192 200 17191 50 22660 10 213753 5
2007067 2007-06-13 03 06 08 10 11 13 17 16 14366034 0 6 467359 16 25037 513 1561 1801 200 21230 50 36677 10 248989 5
2007068 2007-06-15 03 05 12 19 22 23 28 26 14833908 0 6 476340 36 11341 777 1050 2264 200 23228 50 38579 10 237142 5
2007069 2007-06-18 09 10 11 16 24 25 27 30 14758508 0 6 563980 15 32227 515 1877 1365 200 17213 50 25834 10 201112 5
2007070 2007-06-20 01 07 09 10 11 17 24 02 13706706 0 1 3374945 16 30133 378 2550 1023 200 13739 50 18868 10 162941 5
2007071 2007-06-22 07 09 13 20 21 28 29 06 14448616 0 2 1729294 21 23527 415 2381 1596 200 13950 50 30443 10 163570 5
2007072 2007-06-25 01 03 05 24 26 27 28 30 13793218 0 1 3425696 14 34956 342 2861 860 200 12736 50 19629 10 171947 5
2007073 2007-06-27 04 06 07 11 18 24 26 03 12555850 0 3 862777 26 14221 498 1484 1511 200 17524 50 28178 10 198914 5
2007074 2007-06-29 01 02 09 16 17 24 27 08 13843508 0 2 1616304 17 27164 510 1810 1629 200 15018 50 29730 10 158261 5
2007075 2007-07-02 01 06 19 21 24 25 27 04 13453636 3636455 0 0 16 32468 218 4765 714 200 9172 50 17135 10 124919 5
2007076 2007-07-04 04 08 14 19 20 25 29 15 14170196 0 12 514483 78 4647 912 794 3470 200 22491 50 44217 10 211579 5
2007077 2007-07-06 01 02 09 13 17 18 28 30 13436986 0 3 925919 16 24801 580 1368 1526 200 19804 50 26227 10 211645 5
2007078 2007-07-09 01 03 07 14 18 21 24 17 13349706 0 3 1081528 17 27265 348 2663 1215 200 12963 50 24701 10 153615 5
2007079 2007-07-11 04 08 10 21 23 25 26 07 12532634 0 4 733487 9 46570 403 2080 1230 200 13036 50 22992 10 164383 5
2007080 2007-07-13 01 04 08 09 12 15 16 18 13653746 0 2 1662906 13 36547 336 2828 955 200 13185 50 22820 10 172145 5
2007081 2007-07-16 06 07 08 11 13 15 23 09 12966684 0 10 257272 30 12251 787 934 1656 200 20534 50 28440 10 207212 5
2007082 2007-07-18 02 11 13 14 16 21 27 09 12059308 0 3 1015165 18 24170 262 3321 1087 200 9780 50 20488 10 129414 5
2007083 2007-07-20 04 05 07 11 14 21 25 18 13216316 0 5 521724 47 7928 620 1202 2159 200 19274 50 36065 10 198648 5
2007084 2007-07-23 03 04 05 08 11 12 26 07 13491956 2989677 0 0 14 30506 410 2083 1236 200 16979 50 24756 10 199276 5
2007085 2007-07-25 02 07 20 22 23 25 30 15 13969474 0 3 2212206 19 27420 262 3977 1143 200 9974 50 23281 10 135003 5
2007086 2007-07-27 05 06 07 11 23 25 27 20 12969526 0 1 3097498 25 17699 402 2201 1198 200 13822 50 19884 10 160106 5
2007087 2007-07-30 01 03 10 21 25 27 29 19 12630148 0 4 629150 23 15631 548 1312 1859 200 17620 50 35108 10 197949 5
2007088 2007-08-01 03 04 05 10 13 26 28 27 12120432 0 3 913358 17 23025 363 2156 1300 200 13655 50 23525 10 169324 5
2007089 2007-08-03 01 13 20 23 25 26 29 15 12907662 0 1 3295540 13 36214 310 3037 1045 200 10783 50 19910 10 133918 5
2007090 2007-08-06 05 10 12 19 21 24 29 01 12436106 0 3 1029406 13 33936 376 2346 1018 200 11513 50 18799 10 142942 5
2007091 2007-08-08 08 09 13 15 19 25 28 11 11838016 0 4 606609 16 21664 544 1274 1730 200 16342 50 33102 10 168034 5
2007092 2007-08-10 09 10 11 12 14 15 18 16 12779354 0 4 709999 22 18441 479 1694 1580 200 14900 50 24772 10 179205 5
2007093 2007-08-13 09 10 15 18 19 22 23 30 11936712 0 2 1427350 13 31370 337 2420 1054 200 12275 50 20448 10 148363 5
2007094 2007-08-15 02 04 09 10 12 13 15 07 11410586 3074905 0 0 4 109818 159 5525 684 200 7676 50 15517 10 104539 5
2007095 2007-08-17 02 14 15 22 24 26 27 18 13836280 6763672 0 0 11 47906 265 3977 826 200 10148 50 17445 10 132612 5
2007096 2007-08-20 04 07 08 09 12 14 30 25 16515854 0 4 2670085 20 27976 521 2147 1701 200 16735 50 34019 10 196077 5
2007097 2007-08-22 03 04 05 07 20 23 25 16 12063064 0 5 545690 12 32481 422 1847 1255 200 14092 50 24311 10 162881 5
2007098 2007-08-24 01 13 18 19 24 26 28 30 12611502 2899281 0 0 23 18007 482 1718 995 200 15628 50 16300 10 178881 5
2007099 2007-08-27 05 06 16 17 18 21 26 23 13641454 0 12 408899 43 6669 1318 435 2427 200 32285 50 35134 10 273091 5
2007100 2007-08-29 09 10 14 15 19 24 27 08 11868560 0 12 174622 60 4989 808 740 2795 200 19520 50 37126 10 183160 5
2007101 2007-08-31 03 04 06 07 10 12 21 09 13068392 0 1 3142924 12 37415 381 2356 1175 200 12889 50 22600 10 161634 5
2007102 2007-09-03 04 06 10 14 15 22 26 20 12900392 0 11 246780 23 16860 739 1049 1954 200 17937 50 27812 10 175487 5
2007103 2007-09-05 06 07 09 16 18 21 23 08 12418430 0 1 2315316 72 4593 463 1428 3667 200 14720 50 49124 10 163359 5
2007104 2007-09-07 05 11 14 17 18 23 30 09 13512234 0 3 1043074 12 37252 398 2246 1247 200 14809 50 24915 10 182335 5
2007105 2007-09-10 02 09 15 21 26 27 30 13 13076092 0 2 1680470 14 34295 319 3010 1045 200 10630 50 19562 10 133964 5
2007106 2007-09-12 02 07 12 18 22 24 26 05 12089060 0 3 848958 24 15159 476 1528 1674 200 15636 50 30377 10 172975 5
2007107 2007-09-14 08 09 10 14 15 17 22 29 13236322 0 10 233025 31 10738 953 698 2438 200 24339 50 35529 10 219404 5
2007108 2007-09-17 06 08 17 20 23 24 25 18 13069054 0 3 995688 18 23706 437 1952 1419 200 15114 50 25432 10 168556 5
2007109 2007-09-19 02 03 07 12 23 27 28 21 11905910 0 2 1360044 17 22857 431 1803 1196 200 14004 50 23119 10 155493 5
2007110 2007-09-21 01 10 13 16 18 20 30 24 13082452 0 2 1685513 12 40131 266 3620 843 200 11190 50 17491 10 138328 5
2007111 2007-09-24 11 12 16 18 23 29 30 28 12428036 0 1 3325222 7 67861 234 4060 738 200 8966 50 15638 10 117428 5
2007112 2007-09-26 02 11 13 17 20 27 28 03 11646752 0 1 2601860 17 21864 517 1437 1197 200 15048 50 19896 10 159841 5
2007113 2007-09-28 05 08 10 13 24 25 29 11 13185386 0 7 422377 23 18364 547 1544 1426 200 16354 50 24512 10 177808 5
2007114 2007-10-01 05 06 16 20 25 27 30 28 11371400 0 5 571071 12 33992 368 2216 791 200 11076 50 16172 10 123837 5
2007115 2007-10-03 01 05 18 19 20 23 27 07 10457472 0 2 1287702 8 45989 277 2656 1050 200 9293 50 21362 10 111348 5
2007116 2007-10-05 06 08 14 18 26 29 30 05 11646164 0 4 641762 19 19301 420 1746 961 200 15338 50 18523 10 179015 5
2007117 2007-10-08 02 07 09 11 17 20 21 16 11959784 0 1 2142111 36 8500 589 1039 2045 200 19995 50 34360 10 209557 5
2007118 2007-10-10 02 04 09 19 20 22 29 12 11982604 2783396 0 0 24 16567 340 2338 1571 200 12108 50 27281 10 140557 5
2007119 2007-10-12 05 08 15 21 22 25 26 10 15070420 0 4 1472865 34 13059 580 1531 2281 200 19883 50 39144 10 220524 5
2007120 2007-10-15 02 05 07 11 22 23 26 08 12961900 0 2 1555524 21 21163 373 2383 1246 200 13054 50 23643 10 153729 5
2007121 2007-10-17 02 07 11 18 22 24 27 01 12432708 0 3 965200 14 29546 451 1834 1009 200 14545 50 19977 10 165327 5
2007122 2007-10-19 11 16 17 19 21 22 25 23 13644292 0 2 1753261 10 50093 304 3295 884 200 11442 50 17897 10 149703 5
2007123 2007-10-22 01 20 21 25 27 28 29 05 12484266 0 1 3185462 12 37922 254 3583 887 200 10194 50 20277 10 135352 5
2007124 2007-10-24 01 04 18 19 21 28 29 17 11957214 0 5 616552 17 25905 303 2906 879 200 10085 50 17258 10 120491 5
2007125 2007-10-26 05 11 13 21 23 27 29 06 12559462 0 2 1523564 15 29020 330 2638 1166 200 12087 50 20913 10 150883 5
2007126 2007-10-29 04 05 07 09 10 17 27 11 12255020 0 5 550368 27 14560 413 1903 1655 200 13828 50 27703 10 154865 5
2007127 2007-10-31 05 08 17 19 23 24 28 09 11665156 2746888 0 0 22 17836 389 2017 1388 200 11831 50 26805 10 130920 5
2007128 2007-11-02 03 04 15 18 22 23 28 21 14386334 6099278 0 0 16 29932 523 1831 1261 200 16505 50 26118 10 184309 5
2007129 2007-11-05 02 10 18 23 28 29 30 12 17579564 10443755 0 0 14 44331 461 2692 1432 200 16830 50 27933 10 200072 5
2007130 2007-11-07 06 08 14 18 19 24 28 04 21029382 0 8 1924651 40 17690 651 2174 2433 200 21616 50 39001 10 254123 5
2007131 2007-11-09 02 04 06 10 13 20 26 22 13793184 0 2 1717985 11 44623 383 2563 1019 200 13316 50 18863 10 158380 5
2007132 2007-11-12 06 09 10 11 19 21 30 12 13151006 0 7 384073 36 10668 610 1259 2400 200 16874 50 39951 10 176010 5
2007133 2007-11-14 09 15 20 21 22 24 29 23 12778900 0 1 2874914 14 29335 373 2202 901 200 16225 50 20483 10 191672 5
2007134 2007-11-16 01 05 09 15 24 25 29 21 13349450 0 6 475780 54 7552 781 1044 1841 200 17987 50 29014 10 181085 5
2007135 2007-11-19 05 09 10 16 17 24 27 02 12621104 0 6 465546 28 14251 606 1316 1515 200 16055 50 22823 10 171993 5
2007136 2007-11-21 01 13 14 17 22 25 27 21 12090364 0 1 3047966 10 43542 286 3044 722 200 11428 50 15757 10 139334 5
2007137 2007-11-23 03 08 13 14 17 19 26 23 13392186 0 3 919785 31 12715 449 1755 2149 200 17112 50 38148 10 190671 5
2007138 2007-11-26 01 12 13 16 17 18 28 20 12999852 3323549 0 0 18 26377 273 3478 935 200 10737 50 17848 10 143934 5
2007139 2007-11-28 06 11 14 16 19 28 30 03 14014954 0 3 2025007 22 17866 606 1297 1584 200 21721 50 28344 10 250072 5
2007140 2007-11-30 01 07 12 19 20 23 28 08 14094584 0 6 540180 25 18520 482 1921 1700 200 15405 50 29225 10 174746 5
2007141 2007-12-03 01 07 12 14 21 22 24 02 13208082 3467065 0 0 11 45026 272 3641 1143 200 9325 50 21574 10 121684 5
2007142 2007-12-05 01 04 06 08 14 16 20 25 14221984 7078251 0 0 16 32242 302 3416 1532 200 10396 50 31056 10 134635 5
2007143 2007-12-07 05 10 15 16 18 21 27 17 18922800 0 11 882339 63 5958 1636 458 4227 200 43328 50 61062 10 379241 5
2007144 2007-12-10 04 05 07 14 16 24 26 30 13837024 0 4 785909 20 22454 519 1730 1071 200 17503 50 19831 10 200314 5
2007145 2007-12-12 01 03 11 12 15 18 21 24 13292338 0 2 1710742 10 48878 265 3688 910 200 10780 50 18243 10 144396 5
2007146 2007-12-14 07 10 12 20 22 27 29 30 14259880 0 4 801219 18 25435 524 1747 1236 200 18082 50 22248 10 207033 5
2007147 2007-12-17 02 07 09 10 16 20 28 13 13721324 0 5 523858 28 13363 667 1121 2513 200 20467 50 40751 10 209629 5
2007148 2007-12-19 01 02 05 13 18 22 27 29 13840238 0 2 1758173 12 41861 362 2775 1160 200 11772 50 23111 10 141331 5
2007149 2007-12-21 02 13 15 16 19 23 26 27 14201198 3451375 0 0 23 21437 405 2434 1234 200 14038 50 22287 10 171296 5
2007150 2007-12-24 09 11 13 15 21 23 24 04 15684720 2223379 1 5000000 18 29936 488 0 1750 200 15123 50 31477 10 175203 5
2007151 2007-12-26 05 08 11 19 24 26 28 12 14651520 0 5 1085673 41 11167 670 1366 2213 200 18103 50 32535 10 185518 5
2007152 2007-12-28 07 10 15 18 22 23 24 20 14889794 0 4 868064 19 26107 518 1915 1516 200 16507 50 28390 10 184636 5
2007153 2007-12-31 02 08 13 20 27 29 30 19 13538938 0 4 839545 34 14110 366 2621 1401 200 12497 50 23893 10 138539 5
2008001 2008-01-02 02 04 05 07 12 14 16 01 12478116 0 1 3084999 8 55089 326 2703 794 200 11806 50 18528 10 154551 5
2008002 2008-01-04 06 16 17 18 19 24 25 10 14045586 0 1 2745145 22 17825 671 1168 1934 200 21524 50 33488 10 232564 5
2008003 2008-01-07 06 07 08 12 22 28 29 04 13873894 0 1 3187294 16 28457 495 1839 1229 200 16208 50 23846 10 190054 5
2008004 2008-01-09 01 06 12 15 23 25 28 08 12806404 0 3 1002302 20 21477 414 2075 1320 200 13584 50 24577 10 158117 5
2008005 2008-01-11 01 06 09 12 13 14 30 23 14073812 3830594 0 0 13 42094 265 4130 902 200 9553 50 16514 10 120140 5
2008006 2008-01-14 03 12 14 18 20 28 29 19 14573418 2347264 1 5000000 19 26441 371 2708 1274 200 14001 50 25711 10 181040 5
2008007 2008-01-16 02 05 10 11 17 18 20 25 13356012 0 5 847761 49 5514 953 567 2551 200 30701 50 37131 10 285136 5
2008008 2008-01-18 01 05 06 14 20 23 28 12 14242180 0 3 1207668 25 20702 369 2805 1394 200 12196 50 21774 10 139321 5
2008009 2008-01-21 03 06 10 20 22 24 28 30 13107000 0 1 3414446 14 34841 236 4133 910 200 10290 50 17805 10 134020 5
2008010 2008-01-23 01 02 11 14 21 23 27 17 12627870 0 2 1406993 25 16079 406 1980 1591 200 14309 50 27015 10 172775 5
2008011 2008-01-25 03 09 17 20 24 26 27 15 13431462 0 1 3050565 24 18158 416 2095 1589 200 14901 50 27369 10 177385 5
2008012 2008-01-28 01 06 07 08 19 22 28 23 13107784 0 4 686518 30 13076 578 1357 1916 200 17367 50 31153 10 187354 5
2008013 2008-01-30 11 15 16 20 25 27 29 28 12512508 0 1 2937556 12 34970 359 2337 945 200 13359 50 21687 10 172160 5
2008014 2008-02-01 06 09 14 20 23 24 25 15 12943630 0 2 1631060 18 25889 392 2377 1096 200 11715 50 20124 10 135203 5
2008015 2008-02-04 01 06 08 12 16 17 18 10 12404502 0 5 553681 16 24717 594 1331 1103 200 16293 50 20714 10 176190 5
2008016 2008-02-13 03 09 12 15 20 21 28 24 10159548 0 4 524776 25 11994 516 1162 1428 200 14770 50 22033 10 147005 5
2008017 2008-02-15 06 10 14 17 18 24 25 21 11973216 0 3 963214 10 41280 449 1838 891 200 13199 50 16595 10 146943 5
2008018 2008-02-18 02 04 08 16 21 24 29 30 12392654 0 3 995359 15 28438 376 2269 1161 200 12439 50 21971 10 146543 5
2008019 2008-02-20 01 05 06 13 14 21 22 16 11938304 0 1 2801416 11 36382 418 1914 1007 200 13674 50 18466 10 155597 5
2008020 2008-02-22 05 10 13 20 26 27 28 19 12465088 0 8 284898 65 5009 693 939 3140 200 18265 50 40887 10 180357 5
2008021 2008-02-25 01 11 12 13 14 25 27 18 12240784 0 1 3069789 12 36545 334 2625 935 200 10809 50 20824 10 135376 5
2008022 2008-02-27 02 04 16 20 22 24 25 27 11611458 0 1 2750292 8 49112 342 2297 830 200 12748 50 16992 10 157461 5
2008023 2008-02-29 01 02 03 07 13 29 30 08 12809582 0 6 512511 10 43929 381 2306 1236 200 12711 50 25086 10 150026 5
2008024 2008-03-03 02 04 10 14 18 20 28 25 12191184 0 17 78496 58 3286 1856 400 2237 200 38457 50 29214 10 280989 5
2008025 2008-03-05 03 06 09 10 12 15 30 29 12110876 0 5 508842 17 21379 520 1397 1337 200 17041 50 23047 10 189964 5
2008026 2008-03-07 05 07 21 23 24 25 27 10 12931230 0 2 1382427 15 26331 512 1542 1323 200 17804 50 24659 10 197024 5
2008027 2008-03-10 06 07 08 12 18 22 28 17 12679542 0 19 100071 81 3353 1328 409 3554 200 24697 50 46454 10 217310 5
2008028 2008-03-12 07 12 13 15 17 22 25 21 12231780 0 1 3172013 15 30209 301 3010 902 200 9682 50 18611 10 122303 5
2008029 2008-03-14 03 06 09 11 23 28 30 08 13124866 0 2 1398914 25 15987 581 1375 1444 200 18175 50 27878 10 191591 5
2008030 2008-03-17 04 08 11 12 22 25 26 05 12705974 0 3 996020 20 21343 467 1828 1546 200 13208 50 26706 10 144122 5
2008031 2008-03-19 02 04 07 08 17 22 26 23 11968596 3095107 0 0 18 24564 285 3102 1000 200 9414 50 17706 10 119054 5
2008032 2008-03-21 02 04 08 10 12 28 29 16 14619652 1701573 1 5000000 12 42934 375 2747 1359 200 13457 50 26590 10 160197 5
2008033 2008-03-24 04 05 09 18 20 24 30 12 13303110 4519964 0 0 20 20131 508 1585 1633 200 17499 50 30758 10 196624 5
2008034 2008-03-26 03 06 09 12 15 22 27 05 14870828 0 15 462247 30 11494 1625 424 2115 200 33511 50 33665 10 280659 5
2008035 2008-03-28 08 11 14 15 26 28 30 05 13653374 3105776 0 0 26 17064 399 2223 1493 200 14687 50 27848 10 188380 5
2008036 2008-03-31 03 06 07 10 17 22 26 13 14899496 0 4 1461272 60 6522 753 1039 3129 200 21960 50 49986 10 232757 5
2008037 2008-04-02 03 14 16 21 22 23 27 25 12769970 3449579 0 0 6 82132 241 4089 676 200 8937 50 16715 10 116023 5
2008038 2008-04-04 02 05 06 22 23 24 29 18 14234046 0 2 3506843 14 36368 262 3886 1421 200 11153 50 28479 10 151292 5
2008039 2008-04-07 04 05 06 11 18 21 28 20 13195582 0 3 1020404 25 17492 448 1952 1473 200 14115 50 26323 10 165819 5
2008040 2008-04-09 05 06 13 20 24 25 30 08 12127424 0 3 999826 12 35708 299 2866 1126 200 10998 50 22524 10 131425 5
2008041 2008-04-11 01 06 07 10 17 18 23 22 13357076 3031180 0 0 15 28868 399 2170 1672 200 14555 50 31310 10 167892 5
2008042 2008-04-14 06 09 15 20 21 23 29 03 14916870 1715998 1 5000000 22 23927 311 3385 2046 200 11150 50 38173 10 139362 5
2008043 2008-04-16 01 04 14 17 24 27 28 09 13406166 0 2 2283874 31 13141 706 1154 1870 200 17959 50 30729 10 183170 5
2008044 2008-04-18 02 05 07 15 17 18 26 09 13990714 0 3 966520 21 19724 623 1329 1448 200 20369 50 27226 10 226582 5
2008045 2008-04-21 01 02 10 12 18 28 30 15 13072422 0 1 2951152 16 26349 541 1558 1039 200 17118 50 18519 10 188133 5
2008046 2008-04-23 03 05 06 15 18 20 23 21 12459254 0 2 1450518 13 31879 404 2051 1165 200 14070 50 20972 10 162895 5
2008047 2008-04-25 07 08 09 14 16 17 25 02 13696184 0 6 424946 27 13490 849 858 1692 200 24567 50 26866 10 246664 5
2008048 2008-04-28 02 04 08 13 14 16 22 24 12843048 0 4 660236 28 13474 601 1255 1855 200 18271 50 30056 10 187041 5
2008049 2008-04-30 01 04 05 06 14 28 29 21 12015076 0 5 546540 23 16973 468 1668 1290 200 13983 50 22496 10 160283 5
2008050 2008-05-02 06 11 14 20 21 22 24 23 11598540 0 1 2782590 18 22084 291 2732 1167 200 11132 50 22068 10 139495 5
2008051 2008-05-05 03 07 12 14 15 16 19 02 12350052 0 1 2448152 15 23315 435 1607 1168 200 19769 50 22290 10 221843 5
2008052 2008-05-07 08 16 21 25 26 28 30 05 11900796 0 1 2850022 16 25446 275 2961 1473 200 10262 50 28391 10 133664 5
2008053 2008-05-09 06 09 11 14 18 25 26 08 12888590 0 2 1536303 23 19084 315 2786 1089 200 12983 50 23332 10 165140 5
2008054 2008-05-12 01 02 15 17 21 26 28 09 12744192 0 3 1114813 9 53086 258 3703 963 200 9066 50 20077 10 124042 5
2008055 2008-05-14 07 08 14 21 26 27 30 15 11693990 0 3 984670 11 38363 271 3114 957 200 10073 50 18175 10 126648 5
2008056 2008-05-16 04 15 19 23 27 28 30 01 12459366 3255605 0 0 7 66440 289 3218 721 200 10010 50 14316 10 133273 5
2008057 2008-05-19 08 12 13 17 21 22 28 25 13895796 0 2 3085146 35 11896 515 1617 2328 200 16909 50 37174 10 192462 5
2008058 2008-05-21 11 12 15 18 20 21 27 03 11567948 0 4 582294 26 12797 540 1232 1730 200 16574 50 29378 10 174484 5
2008059 2008-05-23 01 14 16 26 28 29 30 20 12256756 0 2 1271646 15 24221 667 1089 1368 200 18426 50 24121 10 187285 5
2008060 2008-05-26 08 09 11 12 18 22 23 06 11518416 0 2 1333874 23 16569 415 1836 1512 200 11953 50 26320 10 133941 5
2008061 2008-05-28 02 11 15 16 17 22 23 27 10831944 0 1 2592154 16 23144 232 3192 1196 200 9866 50 22660 10 129095 5
2008062 2008-05-30 02 14 17 19 25 27 28 26 11876476 0 1 2865011 15 27285 305 2683 1037 200 11571 50 20111 10 147908 5
2008063 2008-06-02 01 09 18 22 24 25 26 10 11547942 0 1 2797260 6 66601 222 3600 1186 200 10442 50 24541 10 131539 5
2008064 2008-06-04 01 16 17 23 25 26 30 15 11220392 0 1 2773226 20 19808 292 2713 1164 200 10183 50 19787 10 119284 5
2008065 2008-06-06 07 13 16 20 22 23 24 29 12286614 0 3 861331 36 10253 542 1362 1767 200 15954 50 29571 10 176442 5
2008066 2008-06-09 05 06 12 23 24 25 27 14 11393804 0 6 430342 33 11177 387 1906 1358 200 13041 50 24575 10 144982 5
2008067 2008-06-11 06 09 15 16 18 21 24 07 11359534 0 5 489923 18 19441 558 1254 1013 200 15898 50 20469 10 172905 5
2008068 2008-06-13 09 10 13 16 17 18 22 30 12154026 0 3 987400 13 32551 345 2453 842 200 12321 50 17214 10 153433 5
2008069 2008-06-16 01 02 07 13 22 23 28 04 11673518 0 4 668037 12 31811 474 1610 1052 200 14407 50 18573 10 157237 5
2008070 2008-06-18 15 18 25 26 28 29 30 17 11137548 0 3 962710 8 51573 276 2989 689 200 8990 50 15136 10 118567 5
2008071 2008-06-20 12 14 18 19 23 25 26 22 11965944 0 3 858641 33 11151 348 2114 1903 200 13779 50 30697 10 161380 5
2008072 2008-06-23 07 08 10 16 17 19 21 04 11235212 0 2 1218195 16 21753 410 1697 1234 200 14452 50 22049 10 166961 5
2008073 2008-06-25 04 06 07 08 18 20 29 14 10858222 2568848 0 0 13 28229 284 2584 976 200 11189 50 19221 10 140777 5
2008074 2008-06-27 02 05 19 22 24 25 29 06 13665088 984685 1 5000000 20 24398 300 3253 1337 200 11366 50 26810 10 142465 5
2008075 2008-06-30 02 08 09 14 15 22 27 24 11574820 0 5 689594 28 12567 518 1358 1433 200 16191 50 23380 10 164546 5
2008076 2008-07-02 02 15 18 19 21 22 27 17 10626564 0 1 2866791 11 37231 195 4200 615 200 7350 50 14234 10 95752 5
2008077 2008-07-04 05 10 14 20 24 25 30 03 11152148 0 7 315714 20 15785 668 945 1401 200 18353 50 24949 10 172014 5
2008078 2008-07-07 15 19 20 23 24 26 29 16 10720822 0 1 2589186 11 33625 299 2474 854 200 10800 50 18654 10 131405 5
2008079 2008-07-09 04 08 12 14 23 26 27 05 10241000 0 4 513794 20 14679 415 1414 1270 200 15125 50 22819 10 168736 5
2008080 2008-07-11 01 02 04 09 15 18 29 19 11551968 2803898 0 0 8 50069 660 0 1098 200 11043 50 22108 10 132413 5
2008081 2008-07-14 07 10 11 14 20 23 24 25 13209134 853714 1 5000000 20 21784 353 2468 1685 200 13399 50 31874 10 157981 5
2008082 2008-07-16 05 10 13 16 17 25 29 28 11094830 0 7 357592 60 3927 908 519 2798 200 22871 50 39655 10 196086 5
2008083 2008-07-18 01 16 17 21 23 28 29 30 11761148 0 1 3245072 10 46358 163 5688 711 200 7114 50 14736 10 96377 5
2008084 2008-07-21 12 15 18 22 23 29 30 27 10844016 0 3 702976 30 10042 507 1188 2077 200 14741 50 35649 10 158374 5
2008085 2008-07-23 09 11 14 18 19 24 25 30 10370754 0 10 74907 52 2057 1788 400 2128 200 38302 50 26111 10 281950 5
2008086 2008-07-25 04 07 10 14 16 23 25 21 11937342 0 3 710187 19 16019 693 878 1519 200 22239 50 27729 10 222519 5
2008087 2008-07-28 10 11 15 17 25 28 30 24 11369150 0 1 2993674 7 61095 242 3534 667 200 8896 50 14834 10 113533 5
2008088 2008-07-30 02 04 10 12 14 17 21 22 10704336 0 2 1451896 5 82965 176 4713 675 200 6856 50 15001 10 93808 5
2008089 2008-08-01 02 03 04 05 19 21 27 11 12118900 0 2 1470850 24 17510 310 2711 1332 200 11029 50 24492 10 134612 5
2008090 2008-08-04 08 10 11 12 16 19 28 15 10735444 0 1 2666679 12 31746 289 2636 852 200 9928 50 16613 10 123579 5
2008091 2008-08-06 01 06 08 10 11 20 27 24 10171260 0 3 851438 12 30408 303 2408 736 200 9487 50 13788 10 115093 5
2008092 2008-08-08 03 06 10 12 17 22 29 16 12144430 0 10 206707 54 5468 906 651 2429 200 23100 50 31208 10 208984 5
2008093 2008-08-11 14 16 17 18 20 22 23 09 10514500 0 4 620520 17 20857 324 2188 1454 200 9462 50 28087 10 112301 5
2008094 2008-08-13 01 03 09 13 18 26 29 28 9891032 0 2 1065398 34 8952 581 1230 1230 200 13720 50 21459 10 131204 5
2008095 2008-08-15 01 05 09 11 20 28 29 22 11127108 0 2 1377403 7 56220 328 2399 790 200 11014 50 15407 10 130815 5
2008096 2008-08-18 09 10 18 25 26 27 28 16 10485578 2481061 0 0 7 50633 324 0 1035 200 11064 50 18163 10 130346 5
2008097 2008-08-20 02 13 14 16 21 22 28 08 11846908 360710 1 5000000 21 19589 314 2620 1399 200 10518 50 23451 10 130198 5
2008098 2008-08-22 02 06 11 13 22 26 28 04 12088682 3412870 0 0 17 25648 324 2691 964 200 10772 50 19025 10 128315 5
2008099 2008-08-25 03 10 14 19 21 24 25 13 13377826 0 5 1298634 22 20001 512 1718 1038 200 16202 50 19561 10 188279 5
2008100 2008-08-27 12 14 15 18 19 24 26 29 10848036 0 2 1123357 20 16047 422 1521 1290 200 15090 50 24670 10 169349 5
2008101 2008-08-29 01 03 09 12 21 25 29 10 12216366 0 1 3131201 17 26312 328 2727 994 200 10305 50 18453 10 122859 5
2008102 2008-09-01 01 10 11 18 23 26 30 27 11168400 0 3 702571 38 7923 592 1017 1854 200 17892 50 30377 10 178465 5
2008103 2008-09-03 07 09 10 12 14 28 29 15 10788018 0 3 786933 14 24089 428 1575 1081 200 13628 50 21001 10 161189 5
2008104 2008-09-05 04 17 22 23 24 28 29 03 11862068 0 4 596221 11 30972 574 1187 1227 200 19217 50 21857 10 196123 5
2008105 2008-09-08 02 11 13 19 23 24 26 03 11303388 0 3 934027 17 23546 262 3055 847 200 10723 50 15870 10 134287 5
2008106 2008-09-10 01 02 12 17 19 24 28 14 10523584 0 3 827634 24 14779 364 1948 1123 200 11281 50 20675 10 122830 5
2008107 2008-09-12 03 11 15 16 19 20 26 09 11687196 0 5 546404 24 16262 361 2162 1195 200 12303 50 23081 10 147776 5
2008108 2008-09-15 06 10 13 18 24 29 30 16 10471110 0 6 366062 18 17431 565 1110 1239 200 14865 50 22764 10 154895 5
2008109 2008-09-17 02 13 15 18 23 25 30 10 10860286 0 1 2932881 3 139661 190 4410 686 200 7550 50 13723 10 95956 5
2008110 2008-09-19 04 05 11 12 14 15 23 16 11889852 0 2 1362808 10 38937 355 2193 928 200 13527 50 20011 10 174046 5
2008111 2008-09-22 06 07 08 09 18 26 30 24 10926602 0 3 816460 17 20583 385 1817 1107 200 13406 50 20996 10 150652 5
2008112 2008-09-24 03 09 20 24 25 26 28 18 9961666 0 2 1060285 18 16829 388 1561 1238 200 13115 50 22601 10 144494 5
2008113 2008-09-26 02 03 05 06 13 23 26 20 11568090 0 1 2679581 7 54685 402 1904 1108 200 12948 50 19858 10 154562 5
2008114 2008-09-29 01 09 13 17 23 28 29 08 10325186 0 1 1748201 41 6091 660 756 2176 200 18464 50 32411 10 175880 5
2008115 2008-10-01 02 08 10 18 19 25 26 23 9276138 0 5 423790 11 27518 367 1649 767 200 11889 50 13173 10 127730 5
2008116 2008-10-03 11 14 19 20 21 22 27 07 10607062 0 9 77015 187 800 1032 200 7202 200 23427 50 69478 10 180147 5
2008117 2008-10-06 02 13 15 19 20 21 29 26 10387712 2702342 0 0 8 48256 216 3574 733 200 8174 50 15616 10 103606 5
2008118 2008-10-08 01 05 14 23 24 26 27 22 12481120 871528 1 5000000 12 37728 268 3378 899 200 10849 50 17152 10 138914 5
2008119 2008-10-10 06 12 14 15 17 25 27 05 11989128 0 2 1826318 21 18919 334 2379 1266 200 12457 50 23406 10 158310 5
2008120 2008-10-13 05 10 13 16 17 25 28 19 11193906 0 9 237408 10 30523 662 922 990 200 20293 50 18299 10 207397 5
2008121 2008-10-15 02 05 12 13 16 20 29 24 10740178 0 1 2841921 15 27065 203 3999 739 200 7820 50 14588 10 103624 5
2008122 2008-10-17 06 07 10 11 16 22 27 15 11797336 0 1 2704631 22 17562 417 1853 1496 200 12770 50 26700 10 142447 5
2008123 2008-10-20 04 07 10 11 15 26 27 22 11131960 0 2 1170809 21 15929 554 1207 1509 200 15497 50 23080 10 160408 5
2008124 2008-10-22 02 03 07 10 11 23 26 04 10848180 0 4 663751 5 75857 285 2661 892 200 10749 50 17515 10 126348 5
2008125 2008-10-24 02 05 10 12 13 18 25 20 12022138 2509764 0 0 20 17926 481 1490 1464 200 16553 50 25945 10 185114 5
2008126 2008-10-27 01 14 16 17 19 21 26 10 14199230 937931 1 5000000 10 48973 370 2647 727 200 15749 50 14529 10 196420 5
2008127 2008-10-29 03 04 05 10 17 19 22 30 11683862 0 1 4051648 15 29654 212 4196 870 200 8013 50 16830 10 106795 5
2008128 2008-10-31 02 07 08 09 10 16 30 28 12299650 0 3 935616 26 15422 373 2150 1707 200 13077 50 28348 10 147663 5
2008129 2008-11-03 06 07 11 13 17 18 24 05 11424062 0 6 389776 27 12373 503 1328 1538 200 16223 50 25494 10 176631 5
2008130 2008-11-05 08 10 15 18 23 29 30 19 10966404 0 2 1269561 14 25909 357 2032 1024 200 12302 50 19484 10 146296 5
2008131 2008-11-07 08 09 12 15 18 23 26 17 11916344 0 7 253901 46 5519 973 521 2636 200 25089 50 37826 10 228016 5
2008132 2008-11-10 08 12 17 19 20 29 30 26 11530748 0 2 1397086 15 26611 296 2697 1042 200 11487 50 19570 10 135988 5
2008133 2008-11-12 06 07 10 11 20 21 25 08 11393402 0 9 193697 35 7115 1041 478 1594 200 26428 50 24887 10 240661 5
2008134 2008-11-14 01 08 09 10 14 18 19 27 12304580 0 3 758719 39 8337 649 1002 2108 200 20039 50 31046 10 208716 5
2008135 2008-11-17 02 10 14 21 23 25 30 11 11389716 0 2 1539804 8 54993 187 4705 744 200 7366 50 16152 10 100580 5
2008136 2008-11-19 01 09 10 22 24 25 28 23 10455618 0 3 800786 34 10093 378 1815 1470 200 10846 50 23959 10 123084 5
2008137 2008-11-21 03 05 07 10 22 23 27 24 12179322 0 2 1378530 20 19693 461 1708 1135 200 14338 50 23689 10 169684 5
2008138 2008-11-24 02 03 06 07 11 15 26 13 11613810 0 6 333396 30 9525 779 733 1882 200 21817 50 31577 10 210013 5
2008139 2008-11-26 01 04 15 19 20 26 29 06 11231364 0 4 505677 24 12039 813 710 1348 200 21841 50 21002 10 208422 5
2008140 2008-11-28 02 15 16 20 22 25 26 03 12278332 3124360 0 0 12 37194 285 3132 872 200 10 50 17 10 133346 5
2008141 2008-12-01 03 10 12 13 17 21 30 15 14580104 0 3 1993502 15 27201 795 1026 1054 200 25947 50 21458 10 268262 5
2008142 2008-12-03 05 07 12 17 18 25 26 28 11426554 0 2 1119671 39 8202 555 1152 2253 200 15750 50 36665 10 159040 5
2008143 2008-12-05 03 08 17 22 24 25 29 06 12389168 0 2 1565017 17 26302 353 2533 1081 200 10943 50 20560 10 126053 5
2008144 2008-12-08 05 07 12 14 18 22 29 19 11984154 0 3 1036074 10 44403 281 3160 902 200 9517 50 18799 10 117535 5
2008145 2008-12-10 01 03 10 17 18 19 23 04 11277572 0 1 2480677 9 39375 405 1750 1073 200 14575 50 20700 10 166367 5
2008146 2008-12-12 01 04 06 18 22 24 26 08 12672106 3456093 0 0 7 70532 197 5012 732 200 7967 50 17803 10 109855 5
2008147 2008-12-15 01 10 13 15 18 20 28 02 14773952 2463090 1 5000000 8 71553 268 4271 948 200 9567 50 22280 10 124841 5
2008148 2008-12-17 02 05 06 09 19 20 27 26 13114602 0 1 4904941 23 15166 693 1006 2059 200 21857 50 33764 10 219101 5
2008149 2008-12-19 05 06 08 14 16 28 30 03 13055908 0 1 3067998 13 33714 326 2688 1360 200 13368 50 27211 10 160406 5
2008150 2008-12-22 01 03 10 14 15 17 29 04 11408752 0 3 752821 18 17924 457 1411 2017 200 15251 50 36345 10 166902 5
2008151 2008-12-24 02 05 10 15 18 21 27 28 11759906 0 4 601713 34 10112 619 1110 1985 200 16058 50 30778 10 163262 5
2008152 2008-12-26 06 08 12 14 17 19 29 28 13017860 0 2 1435446 28 14647 557 1472 1676 200 16136 50 26600 10 173895 5
2008153 2008-12-29 02 09 13 16 20 25 26 29 12522138 0 13 160183 26 11441 1181 503 1641 200 27360 50 27228 10 238506 5
2008154 2008-12-31 05 06 07 11 20 26 27 03 12161978 0 4 617226 20 17635 687 1026 1688 200 18084 50 29518 10 179076 5
2009001 2009-01-02 02 03 04 14 15 23 26 08 11680690 0 2 1308780 23 16258 424 1763 1680 200 12894 50 29877 10 140939 5
2009002 2009-01-05 10 14 15 20 23 25 29 11 11803514 0 1 2494220 12 29693 397 1795 998 200 16387 50 20797 10 198726 5
2009003 2009-01-07 01 09 10 12 15 19 21 17 11413354 0 6 376509 19 16985 572 1128 1640 200 16964 50 28876 10 180072 5
2009004 2009-01-09 10 12 16 18 21 24 26 06 12367390 0 1 3009440 6 71653 298 2885 973 200 11485 50 21428 10 155538 5
2009005 2009-01-12 06 08 13 18 22 28 29 01 11632470 0 7 269014 33 8151 1040 517 1513 200 26502 50 22522 10 231370 5
2009006 2009-01-14 04 08 11 16 20 25 26 09 11031788 0 7 328076 47 6980 633 1036 1900 200 14698 50 28614 10 144754 5
2009007 2009-01-16 03 05 06 11 19 20 25 12 12404284 0 4 659333 40 9419 599 1257 1571 200 17142 50 25423 10 176990 5
2009008 2009-01-19 01 02 04 15 20 22 23 13 11763704 0 6 485743 20 20817 373 2232 931 200 11208 50 17064 10 136692 5
2009009 2009-01-21 05 08 10 19 22 24 28 06 10768274 0 1 2462998 14 25132 368 1912 943 200 12685 50 18989 10 149029 5
2009010 2009-01-23 11 12 21 23 24 26 28 09 12583706 3257258 0 0 13 35794 228 4081 1079 200 8881 50 23042 10 124504 5
2009011 2009-02-02 01 03 04 17 20 23 30 18 11911042 0 2 3089579 18 23189 287 2908 1268 200 10650 50 23042 10 127427 5
2009012 2009-02-04 01 02 07 10 17 24 29 06 10028982 0 3 781797 8 41882 270 0 815 200 11165 50 17407 10 133664 5
2009013 2009-02-06 06 08 12 15 22 28 29 20 11533714 0 8 283915 26 12479 844 768 1375 200 19797 50 20642 10 187101 5
2009014 2009-02-09 06 07 10 12 21 22 28 23 10781182 0 2 1338583 9 42494 320 2390 916 200 10755 50 15624 10 116213 5
2009015 2009-02-11 09 13 14 22 26 27 28 16 10464020 0 5 354234 27 9371 499 0 2155 200 18408 50 34345 10 180454 5
2009016 2009-02-13 05 11 15 17 20 23 29 01 11370634 0 5 420940 30 10022 740 812 1326 200 20871 50 20161 10 210907 5
2009017 2009-02-16 12 15 18 21 26 27 30 24 11281060 0 3 829460 24 14811 401 1772 1448 200 12983 50 27639 10 151550 5
2009018 2009-02-18 02 13 15 16 17 21 27 04 10643266 0 1 2772990 16 24758 270 2934 864 200 8076 50 16815 10 101807 5
2009019 2009-02-20 01 02 13 15 21 22 24 05 11656992 3257499 0 0 10 46535 173 5379 626 200 6921 50 13732 10 89957 5
2009020 2009-02-23 07 17 18 19 21 24 28 14 13491840 0 3 2199280 16 29824 285 3348 1246 200 11825 50 24415 10 150897 5
2009021 2009-02-25 01 15 22 23 24 28 29 13 10762714 0 1 2622444 19 19717 350 2140 979 200 10636 50 17399 10 125158 5
2009022 2009-02-27 02 12 14 18 24 25 29 30 11995660 0 4 705004 22 18311 361 2231 1360 200 12566 50 24488 10 140819 5
2009023 2009-03-02 01 09 10 13 15 21 29 02 11303512 0 2 1344094 16 24001 341 2252 1067 200 11931 50 20090 10 137520 5
2009024 2009-03-04 04 06 09 15 22 25 29 02 11173350 0 2 1435625 16 25636 270 3038 804 200 9606 50 14790 10 116831 5
2009025 2009-03-06 05 09 19 21 27 29 30 20 12187208 0 3 1033028 21 21082 285 3106 1216 200 9959 50 21241 10 118181 5
2009026 2009-03-09 01 11 12 18 21 22 26 07 11455426 0 4 611973 24 14570 501 1396 1625 200 14584 50 28365 10 155663 5
2009027 2009-03-11 11 13 18 19 23 24 25 04 11123164 2430211 0 0 31 11199 392 1771 1317 200 13400 50 23756 10 161532 5
2009028 2009-03-13 01 02 05 08 09 11 20 18 14528298 0 5 1156823 26 18428 440 2177 1566 200 15780 50 28665 10 187744 5
2009029 2009-03-16 01 05 09 10 14 17 28 19 11947744 0 1 2664455 19 20033 377 2019 1380 200 14076 50 23736 10 166174 5
2009030 2009-03-18 06 19 20 21 25 29 30 07 11715516 2812090 0 0 17 23631 341 2356 1253 200 11313 50 22949 10 135518 5
2009031 2009-03-20 06 10 24 25 27 28 30 08 14578884 1583692 1 5000000 17 31694 257 4192 1098 200 11330 50 23478 10 146954 5
2009032 2009-03-23 02 03 04 16 20 27 29 06 12476378 0 5 852423 16 23914 567 1349 1176 200 17651 50 21591 10 190688 5
2009033 2009-03-25 05 08 13 14 22 26 28 24 11235584 0 9 219729 13 21731 995 567 1316 200 23245 50 20367 10 210245 5
2009034 2009-03-27 06 12 15 20 24 26 29 27 12718064 0 4 584428 28 11927 603 1107 2172 200 20812 50 35821 10 211810 5
2009035 2009-03-30 02 07 12 21 22 24 28 01 12327936 0 5 557738 23 17321 462 1724 1325 200 15033 50 21772 10 164495 5
2009036 2009-04-01 05 12 13 23 24 25 27 06 11457212 0 2 1129152 34 9488 558 1156 1902 200 16908 50 29648 10 173121 5
2009037 2009-04-03 02 06 10 14 17 20 30 03 12543526 0 6 397346 28 12163 762 893 1953 200 20354 50 33404 10 199632 5
2009038 2009-04-06 08 10 12 21 22 29 30 28 11320826 0 1 2672669 9 42423 318 2401 1165 200 11170 50 24656 10 138209 5
2009039 2009-04-08 02 19 20 21 22 27 29 30 11317204 0 1 2943972 8 52570 237 3549 668 200 9511 50 12180 10 121761 5
2009040 2009-04-10 04 06 07 13 16 18 21 05 12248266 0 3 924553 12 33019 361 2195 1424 200 13528 50 26235 10 163146 5
2009041 2009-04-13 03 04 06 15 23 25 27 09 11550716 0 3 895239 15 25578 261 2940 1537 200 10873 50 30675 10 133062 5
2009042 2009-04-15 08 10 16 18 19 24 29 01 10953446 0 1 2611149 20 18651 318 2346 1182 200 10899 50 20940 10 129245 5
2009043 2009-04-17 02 19 20 21 22 25 26 18 12430972 0 3 891059 19 20099 512 1491 1288 200 17061 50 23370 10 185600 5
2009044 2009-04-20 03 08 14 16 17 20 25 12 11288624 0 4 603097 17 20272 609 1131 1310 200 16042 50 20281 10 163649 5
2009045 2009-04-22 11 16 17 19 20 21 28 12 10928616 0 3 911681 10 39072 233 3353 759 200 10089 50 16178 10 125957 5
2009046 2009-04-24 11 14 18 19 20 25 28 15 12078794 0 1 2940552 15 28005 293 2867 1106 200 11610 50 21992 10 139240 5
2009047 2009-04-27 04 05 08 15 16 26 30 21 11503670 2611401 0 0 17 21944 443 1684 1327 200 13657 50 23389 10 144817 5
2009048 2009-04-29 02 04 13 21 25 29 30 16 12551000 0 2 2867379 13 34322 300 2974 1097 200 11294 50 21500 10 137790 5
2009049 2009-05-01 03 05 13 16 17 22 27 02 10834472 0 6 408181 9 38874 437 1601 1027 200 13427 50 18750 10 149189 5
2009050 2009-05-04 04 05 07 10 19 27 28 20 10839568 0 1 2433573 16 21728 408 1704 1386 200 12769 50 22753 10 138335 5
2009051 2009-05-06 03 04 08 10 22 26 29 18 10406580 0 3 649322 29 9595 476 0 2293 200 14838 50 35426 10 152331 5
2009052 2009-05-08 03 06 16 17 26 29 30 19 11559042 0 5 466114 24 13872 739 901 1367 200 18777 50 23269 10 177920 5
2009053 2009-05-11 03 08 10 15 16 23 28 04 10794222 0 4 621319 17 20884 447 1588 1186 200 12517 50 20569 10 134006 5
2009054 2009-05-13 07 10 14 18 19 21 30 05 10489516 2129807 0 0 33 9219 349 1743 2256 200 12010 50 36225 10 136666 5
2009055 2009-05-15 02 08 15 16 17 25 30 23 13399360 0 2 2602004 10 43917 630 1394 1055 200 17066 50 19646 10 182642 5
2009056 2009-05-18 05 06 07 13 18 24 29 01 11051842 0 10 208141 40 7433 809 735 1634 200 19281 50 23536 10 183149 5
2009057 2009-05-20 03 09 13 17 24 26 28 22 10383494 0 1 2300012 17 19327 376 1747 1247 200 12615 50 21974 10 140458 5
2009058 2009-05-22 06 10 11 18 20 22 24 12 11817504 2830521 0 0 16 25272 276 2930 1115 200 11316 50 23641 10 144353 5
2009059 2009-05-25 07 16 19 21 26 29 30 18 13010322 0 4 1425694 24 17096 488 1681 1309 200 16837 50 23190 10 187257 5
2009060 2009-05-27 02 08 12 18 20 23 27 07 10261994 0 3 641439 18 15272 561 980 1290 200 17581 50 22453 10 183554 5
2009061 2009-05-29 01 04 08 16 17 27 29 19 10869866 0 1 2622805 16 23417 338 2217 984 200 10924 50 20282 10 126710 5
2009062 2009-06-01 02 05 09 10 17 24 25 29 10837792 0 7 331029 35 9457 454 1458 1474 200 14288 50 22090 10 154024 5
2009063 2009-06-03 04 08 12 16 18 20 26 13 10172992 0 7 344257 10 34425 424 1623 797 200 11453 50 15289 10 131450 5
2009064 2009-06-05 01 08 13 14 18 20 29 06 11093914 0 2 1472262 8 52580 212 3968 782 200 7977 50 16559 10 101743 5
2009065 2009-06-08 08 09 12 20 25 28 29 19 10415816 2320443 0 0 27 12277 315 2104 1481 200 11350 50 26543 10 131940 5
2009066 2009-06-10 01 02 03 07 19 20 27 14 11802310 0 2 2562101 9 44504 363 2206 975 200 12537 50 19324 10 152534 5
2009067 2009-06-12 03 10 13 20 25 26 29 06 10967468 0 3 885499 27 14055 265 0 1351 200 9498 50 24888 10 117016 5
2009068 2009-06-15 01 09 10 13 20 24 30 06 10458970 0 2 1317918 12 31379 227 3317 872 200 9191 50 16667 10 111759 5
2009069 2009-06-17 01 02 07 12 18 19 25 04 9906836 0 1 2259897 13 24834 369 1749 943 200 12344 50 17151 10 129723 5
2009070 2009-06-19 13 17 21 22 24 29 30 14 10453542 0 3 902841 13 29764 210 3685 729 200 8377 50 14490 10 108673 5
2009071 2009-06-22 03 06 09 20 21 24 25 19 9780186 0 4 573322 30 10920 306 2141 1230 200 9962 50 18958 10 116496 5
2009072 2009-06-24 04 06 10 15 23 25 30 14 9250758 0 2 1084006 12 25809 309 2004 950 200 9991 50 16757 10 115718 5
2009073 2009-06-26 02 10 11 14 19 24 28 17 10433046 0 17 127955 24 12947 920 675 1097 200 15521 50 19777 10 162298 5
2009074 2009-06-29 09 11 13 16 18 20 29 08 9931666 0 5 263926 45 4189 694 543 2771 200 20859 50 43148 10 190540 5
2009075 2009-07-01 01 07 08 09 11 12 30 02 9457714 0 6 274783 12 19627 620 759 1067 200 18768 50 18112 10 189214 5
2009076 2009-07-03 03 08 11 18 21 25 30 19 9780116 0 1 2282883 25 13045 378 1725 1181 200 10435 50 20952 10 112705 5
2009077 2009-07-06 03 05 09 18 20 21 23 29 9527348 0 2 1067615 14 21788 282 2163 1379 200 9684 50 26459 10 118696 5
2009078 2009-07-08 10 12 13 18 23 26 29 25 9091976 0 2 1123324 10 32094 279 2300 719 200 8528 50 15209 10 104656 5
2009079 2009-07-10 05 12 15 17 19 28 29 01 10076816 2356913 0 0 10 33670 298 2259 777 200 11240 50 14735 10 141174 5
2009080 2009-07-13 10 11 13 14 19 23 25 26 11243768 0 2 2617060 6 68504 221 3719 731 200 9182 50 16323 10 126124 5
2009081 2009-07-15 01 04 08 12 19 24 25 13 9320962 0 1 2250497 10 32149 262 2454 906 200 9343 50 16294 10 108197 5
2009082 2009-07-17 01 07 08 10 21 22 26 06 10131904 0 2 1212219 17 20373 372 1862 937 200 10470 50 19003 10 120044 5
2009083 2009-07-20 05 08 12 16 23 24 25 17 9488518 0 2 973449 22 12642 532 1045 1250 200 14390 50 18932 10 141854 5
2009084 2009-07-22 01 08 13 14 18 26 28 04 9113456 0 1 2281193 10 32588 208 3133 894 200 7755 50 16086 10 95867 5
2009085 2009-07-24 03 05 09 11 14 18 23 21 10265524 0 1 2285459 14 23321 348 1876 1026 200 12873 50 17294 10 148675 5
2009086 2009-07-27 04 08 10 12 24 25 30 16 9834762 0 11 170549 30 8933 591 906 1351 200 16560 50 20527 10 167101 5
2009087 2009-07-29 04 05 11 12 18 24 26 15 9361946 0 6 373009 9 35524 361 1771 760 200 10432 50 13737 10 115832 5
2009088 2009-07-31 01 03 07 12 16 20 23 08 10133852 2515906 0 0 13 27647 290 2478 843 200 9185 50 18271 10 112175 5
2009089 2009-08-03 01 02 06 08 13 17 19 22 11582518 0 2 2124139 82 3018 617 0 4368 200 18798 50 47864 10 181695 5
2009090 2009-08-05 01 06 12 13 24 27 28 23 9473688 0 1 2426337 6 57769 217 3194 651 200 8225 50 13630 10 99632 5
2009091 2009-08-07 05 12 14 15 24 25 26 21 10028136 0 4 456137 26 10025 692 753 1299 200 18664 50 21978 10 178901 5
2009092 2009-08-10 01 04 05 12 17 19 24 23 9407724 2294480 0 0 10 32778 237 2766 1096 200 8515 50 19458 10 98485 5
2009093 2009-08-12 04 05 15 18 20 23 26 27 10848438 0 4 1198454 14 25503 370 0 895 200 12455 50 17731 10 153238 5
2009094 2009-08-14 07 14 18 22 23 25 30 04 10153426 0 4 500493 22 12999 543 1053 1522 200 15586 50 23509 10 159285 5
2009095 2009-08-17 07 10 12 13 16 18 27 22 9680266 0 1 2192774 10 31325 277 2261 1053 200 10809 50 18530 10 134889 5
2009096 2009-08-19 01 02 07 08 12 19 30 10 9264870 0 3 640538 17 16148 540 1016 1010 200 14287 50 17821 10 140012 5
2009097 2009-08-21 09 11 13 16 18 20 28 30 10260884 0 10 196577 19 14780 690 813 987 200 17688 50 18758 10 190041 5
2009098 2009-08-24 04 05 10 12 17 19 24 29 9659814 0 15 92211 117 1688 974 405 3397 200 17437 50 42299 10 156622 5
2009099 2009-08-26 03 04 05 06 07 27 28 26 9352302 2376551 0 0 11 30864 222 3058 686 200 7981 50 14727 10 100807 5
2009100 2009-08-28 10 14 16 19 23 25 26 01 11299806 0 1 4974688 27 13746 375 1979 1317 200 12167 50 23110 10 144486 5
2009101 2009-08-31 01 07 09 15 21 25 27 23 9348050 0 1 2299489 12 27374 298 2204 627 200 9392 50 12601 10 114910 5
2009102 2009-09-02 04 09 12 14 15 17 21 08 9303242 2309477 0 0 12 27493 235 0 1069 200 7825 50 20661 10 89535 5
2009103 2009-09-04 01 06 19 20 23 24 29 15 12029142 0 4 1251885 19 20286 434 1776 1057 200 15346 50 18568 10 175104 5
2009104 2009-09-07 02 07 15 21 25 27 29 14 9578016 0 2 1203498 16 21491 253 2718 992 200 7969 50 16951 10 97660 5
2009105 2009-09-09 08 12 19 21 24 28 29 03 9493250 0 4 468836 26 10304 367 1459 1889 200 12517 50 28866 10 136063 5
2009106 2009-09-11 02 09 11 21 23 27 28 15 10548152 0 1 2153266 28 10986 490 1255 1453 200 15279 50 21823 10 163944 5
2009107 2009-09-14 02 04 05 19 22 23 28 13 10210516 0 1 2603126 9 41319 233 3192 773 200 8447 50 15004 10 111482 5
2009108 2009-09-16 06 07 11 13 15 20 26 17 9321380 2175362 0 0 13 23905 278 0 863 200 10023 50 19351 10 118511 5
2009109 2009-09-18 02 15 19 21 23 26 29 16 12597298 302707 1 5000000 6 74460 417 2142 757 200 13053 50 16173 10 147852 5
2009110 2009-09-21 08 11 12 16 24 26 29 18 10028276 0 3 863414 21 15561 303 2157 1349 200 10705 50 24510 10 119159 5
2009111 2009-09-23 04 06 09 11 19 22 26 12 9424534 2349362 0 0 14 23973 223 3010 865 200 8532 50 15121 10 102196 5
2009112 2009-09-25 07 10 11 14 17 25 27 02 13010180 0 7 588002 46 5486 1360 400 2284 200 33435 50 31769 10 280991 5
2009113 2009-09-28 05 08 14 20 22 26 28 13 10163660 0 2 983656 49 5735 374 1502 2113 200 13357 50 31911 10 152037 5
2009114 2009-09-30 01 10 12 26 28 29 30 14 9709900 0 2 1089279 13 23940 390 1596 831 200 12255 50 15026 10 143283 5
2009115 2009-10-02 01 02 03 06 14 29 30 23 9060472 0 2 1133909 14 23141 294 2203 702 200 8468 50 14279 10 98660 5
2009116 2009-10-05 04 06 08 16 21 25 27 20 8715966 0 3 591948 12 21141 406 1249 983 200 13420 50 17092 10 139076 5
2009117 2009-10-07 01 06 12 15 21 22 29 03 8707106 0 2 1044421 5 59681 313 1906 660 200 9990 50 12039 10 106106 5
2009118 2009-10-09 06 12 16 18 20 23 29 21 10398160 0 3 877506 10 37607 282 2667 689 200 9385 50 14522 10 116417 5
2009119 2009-10-12 01 03 05 09 10 20 24 12 10408376 2337407 0 0 8 41739 269 2482 1206 200 11791 50 21024 10 143992 5
2009120 2009-10-14 01 04 06 10 16 19 28 07 11346238 0 5 898872 18 17118 470 1311 1662 200 18497 50 30694 10 182820 5
2009121 2009-10-16 06 11 14 16 17 21 26 28 10999924 0 3 858157 16 22986 412 1785 1126 200 11944 50 22230 10 133489 5
2009122 2009-10-19 03 04 05 10 15 20 27 08 10437692 0 4 564922 28 11529 475 1359 1401 200 13479 50 25396 10 135646 5
2009123 2009-10-21 04 06 09 21 25 26 30 16 9847006 2089701 0 0 25 11941 282 2117 1691 200 10901 50 30384 10 130531 5
2009124 2009-10-23 03 10 11 15 20 26 28 29 12951378 0 2 2486917 31 13290 532 1548 1935 200 15264 50 29645 10 155867 5
2009125 2009-10-26 04 07 08 19 22 24 26 17 10739180 0 2 1080743 34 9081 405 0 1570 200 15140 50 24118 10 172436 5
2009126 2009-10-28 06 07 14 15 18 29 30 23 10368132 0 3 751876 28 11508 390 1652 1634 200 11897 50 27379 10 132523 5
2009127 2009-10-30 03 04 15 18 24 29 30 28 11667692 0 5 594992 11 38635 355 2394 1059 200 9852 50 18875 10 114815 5
2009128 2009-11-02 01 09 10 12 18 23 25 08 9797348 0 2 1014685 18 16106 434 1335 1446 200 13137 50 24215 10 142680 5
2009129 2009-11-04 01 06 10 21 23 27 28 05 10078334 0 2 1170464 16 20901 346 1933 1081 200 10984 50 20550 10 124660 5
2009130 2009-11-06 02 17 18 19 23 25 30 14 11440738 0 2 1410819 8 50386 294 2742 955 200 10827 50 18561 10 131418 5
2009131 2009-11-09 07 08 13 18 21 26 27 25 9968232 0 3 552747 23 10299 675 701 1916 200 18849 50 28947 10 180079 5
2009132 2009-11-11 02 08 11 13 18 22 23 26 9527766 2438947 0 0 12 29035 276 2524 770 200 8241 50 14139 10 95391 5
2009133 2009-11-13 02 04 06 20 22 23 29 07 12522374 609805 1 5000000 14 32355 215 4213 722 200 10887 50 16129 10 151225 5
2009134 2009-11-16 02 07 09 19 25 26 30 13 9636042 0 1 2950664 19 17600 288 2322 873 200 9805 50 14313 10 113919 5
2009135 2009-11-18 01 06 09 24 27 29 30 25 9293460 0 1 2298558 7 46909 236 2782 628 200 8899 50 13905 10 112108 5
2009136 2009-11-20 02 04 05 17 21 22 25 24 10388608 0 1 2687641 8 47993 229 3353 664 200 8543 50 13562 10 111072 5
2009137 2009-11-23 03 05 11 15 19 27 30 18 9829164 0 1 2350782 9 37314 300 2238 840 200 10172 50 16850 10 122586 5
2009138 2009-11-25 05 09 13 15 22 24 30 17 9526364 0 1 2527779 12 30092 200 3611 662 200 7141 50 12063 10 89345 5
2009139 2009-11-27 01 02 03 10 16 26 29 19 10779004 0 3 805577 25 13809 397 1739 1224 200 12989 50 20624 10 145749 5
2009140 2009-11-30 07 10 14 17 18 19 20 01 9882998 0 2 1225591 16 21885 293 2390 679 200 9490 50 13163 10 119810 5
2009141 2009-12-02 06 10 11 13 17 22 30 29 9279930 0 1 2338742 11 30373 293 2280 852 200 8078 50 15215 10 95931 5
2009142 2009-12-04 06 07 08 10 19 22 26 18 10841632 0 2 1337615 20 19108 302 2530 1039 200 10482 50 17544 10 116660 5
2009143 2009-12-07 04 07 09 11 18 22 26 08 9862462 0 1 2223351 17 18683 391 1624 1066 200 11886 50 20137 10 129504 5
2009144 2009-12-09 02 03 06 15 19 23 25 04 9525294 0 1 2159796 6 51423 350 1763 719 200 12000 50 15639 10 136356 5
2009145 2009-12-11 05 10 12 14 19 20 30 28 10944950 0 1 2083158 36 8266 401 1484 2358 200 14278 50 38518 10 163281 5
2009146 2009-12-14 03 04 06 12 15 17 29 21 9874752 2251881 0 0 15 21446 296 2173 1280 200 10121 50 23101 10 125719 5
2009147 2009-12-16 07 08 11 18 20 26 30 25 11767470 0 4 1130702 26 12477 620 1046 1837 200 18535 50 27502 10 190541 5
2009148 2009-12-18 02 05 07 08 09 10 12 16 10937230 0 3 813961 16 21802 418 1669 1043 200 13154 50 21228 10 158451 5
2009149 2009-12-21 09 10 17 18 25 29 30 05 9631308 0 7 287303 33 8706 447 1285 1431 200 13158 50 21936 10 136569 5
2009150 2009-12-23 01 10 11 12 14 16 21 20 9540826 0 5 434774 14 22182 394 1576 1039 200 11069 50 18270 10 125104 5
2009151 2009-12-25 05 12 15 20 24 25 27 06 10484470 0 2 1024320 28 10452 438 1336 1847 200 14854 50 30552 10 158628 5
2009152 2009-12-28 08 11 17 20 21 26 28 10 10153444 0 2 1178062 8 42073 358 1880 901 200 11626 50 17589 10 134381 5
2009153 2009-12-30 05 07 11 12 13 21 22 01 10057696 0 4 616260 12 29345 316 2228 695 200 10390 50 12952 10 123753 5
2010001 2010-01-01 02 10 11 15 16 20 27 04 10131388 0 1 2494751 10 35639 288 2474 833 200 9728 50 16611 10 116268 5
2010002 2010-01-04 02 05 11 15 16 23 25 07 9674382 0 7 361271 10 36127 211 3424 713 200 7536 50 13971 10 93725 5
2010003 2010-01-06 04 05 07 13 16 22 24 26 9185544 2303883 0 0 8 41140 236 2789 858 200 8061 50 16219 10 94563 5
2010004 2010-01-08 02 05 08 14 21 23 28 20 12621762 0 2 2604955 11 37740 438 1895 1273 200 14947 50 22019 10 162211 5
2010005 2010-01-11 04 06 08 13 17 22 27 16 10027136 0 3 748392 16 20046 431 1488 998 200 12874 50 16929 10 138662 5
2010006 2010-01-13 03 05 06 10 13 20 22 24 9703702 2341726 0 0 11 30412 225 2973 736 200 9913 50 13512 10 126304 5
2010007 2010-01-15 10 11 12 19 20 24 28 22 13464412 0 3 1841729 11 41343 450 2021 994 200 15282 50 18433 10 180506 5
2010008 2010-01-18 04 10 14 18 19 21 22 05 10420312 0 1 2508679 11 32580 238 3011 981 200 9977 50 19133 10 127149 5
2010009 2010-01-20 02 06 07 08 12 20 25 10 9633354 0 5 374725 14 19118 600 892 1211 200 15812 50 20330 10 161527 5
2010010 2010-01-22 02 10 11 19 21 25 30 06 11006708 0 2 1372681 12 32682 320 2451 920 200 10115 50 18029 10 120260 5
2010011 2010-01-25 02 06 09 14 21 23 27 26 10344944 0 1 2685411 9 42625 256 2997 844 200 8269 50 15248 10 99598 5
2010012 2010-01-27 11 17 18 20 23 26 29 01 9848652 0 1 2027486 20 14482 451 0 1649 200 12846 50 27035 10 137396 5
2010013 2010-01-29 02 06 09 13 18 19 23 24 11105448 0 1 2668767 15 25416 377 2022 886 200 11936 50 17141 10 136747 5
2010014 2010-02-01 06 07 17 18 21 24 28 10 10253106 0 3 717066 26 11819 414 1484 1407 200 13897 50 23826 10 147274 5
2010015 2010-02-03 06 07 10 15 18 26 30 12 9920600 0 8 297209 19 17877 398 1706 960 200 10420 50 18649 10 112984 5
2010016 2010-02-05 02 15 18 19 25 26 27 24 10585638 0 1 2616773 11 33984 257 2909 699 200 10065 50 13778 10 133577 5
2010017 2010-02-08 01 03 04 06 10 27 30 18 9571846 2466225 0 0 7 50331 195 3613 638 200 7937 50 13220 10 102075 5
2010018 2010-02-10 05 10 11 20 26 28 30 12 10472014 0 2 2080891 34 7124 732 661 2180 200 20141 50 30353 10 192496 5
2010019 2010-02-12 01 03 08 12 14 17 22 13 11114338 0 5 523671 11 34004 391 1913 1117 200 12091 50 20255 10 135003 5
2010020 2010-02-22 03 08 14 15 17 21 22 05 9266654 0 2 1106371 10 31610 296 2135 969 200 9601 50 18025 10 105100 5
2010021 2010-02-24 01 03 05 09 12 16 22 04 8929248 0 3 702287 16 18811 272 2213 787 200 9639 50 15733 10 113770 5
2010022 2010-02-26 08 09 10 17 19 22 28 20 10071742 0 6 323177 19 14579 586 945 1361 200 16348 50 22971 10 169151 5
2010023 2010-03-01 02 11 13 16 19 20 23 17 8876750 2062919 0 0 11 26791 266 2215 585 200 10844 50 12040 10 124596 5
2010024 2010-03-03 03 05 06 18 20 23 25 15 10674240 0 3 1453056 44 7455 364 1802 1771 200 11853 50 30644 10 139346 5
2010025 2010-03-05 04 05 14 15 17 22 23 01 10283458 0 6 326746 32 8752 690 811 1432 200 17797 50 21217 10 169958 5
2010026 2010-03-08 06 08 12 14 16 20 30 11 9497270 0 1 2404459 8 42936 214 3210 683 200 8135 50 13977 10 107120 5
2010027 2010-03-10 01 04 09 15 26 28 29 25 9231488 2245375 0 0 8 40095 351 1827 781 200 9778 50 14213 10 105704 5
2010028 2010-03-12 05 10 13 16 17 23 29 01 12546986 0 2 2535978 16 25237 491 1644 897 200 16619 50 15495 10 188950 5
2010029 2010-03-15 06 12 13 18 23 27 30 15 10117242 0 2 984686 23 12232 535 1051 1440 200 15882 50 24344 10 163704 5
2010030 2010-03-17 02 06 12 21 22 25 29 04 10014718 0 2 1211966 13 26636 298 2324 816 200 10426 50 15186 10 121618 5
2010031 2010-03-19 04 06 09 10 15 19 20 25 10862522 0 1 2463944 34 10352 396 0 1370 200 12044 50 22144 10 141015 5
2010032 2010-03-22 08 12 19 22 24 25 28 30 10167096 0 2 1149227 16 20521 334 1966 917 200 12443 50 17733 10 143098 5
2010033 2010-03-24 02 08 13 16 17 24 25 03 9609866 0 3 812337 21 16578 243 2865 895 200 8131 50 16121 10 96126 5
2010034 2010-03-26 01 04 06 07 09 12 29 19 10822552 0 1 2533020 21 17231 291 2487 1192 200 11136 50 20280 10 137290 5
2010035 2010-03-29 01 02 07 11 22 27 29 23 9980596 0 3 798336 14 24438 312 2193 935 200 10253 50 16679 10 120522 5
2010036 2010-03-31 07 12 14 18 20 22 27 17 9600474 0 2 1215151 7 49598 208 3338 732 200 8003 50 14531 10 108102 5
2010037 2010-04-02 01 03 10 15 26 27 29 06 10606610 0 1 2609588 11 33890 276 2701 906 200 9802 50 19643 10 120305 5
2010038 2010-04-05 11 12 16 20 21 28 30 24 9206034 0 2 929108 18 14747 364 1458 1088 200 13547 50 19307 10 153668 5
2010039 2010-04-07 01 04 06 10 12 19 22 28 9340648 0 2 897752 22 11659 515 996 1194 200 15725 50 18858 10 159656 5
2010040 2010-04-09 02 07 13 14 16 18 20 29 10641854 0 4 554328 21 15083 399 1587 1578 200 13583 50 27233 10 155967 5
2010041 2010-04-12 06 08 10 11 14 27 29 18 10005326 0 9 233343 12 25001 412 1456 1164 200 13415 50 21919 10 155948 5
2010042 2010-04-14 04 11 18 22 23 27 28 03 9248948 0 3 744622 16 19945 284 2247 1015 200 8752 50 17217 10 105595 5
2010043 2010-04-16 02 04 07 14 15 23 30 10 10457144 0 3 841290 18 20030 421 1712 949 200 11048 50 17369 10 120516 5
2010044 2010-04-19 01 02 04 12 17 21 25 28 9678178 0 1 2282999 12 27178 259 2518 929 200 10372 50 16390 10 122516 5
2010045 2010-04-21 07 11 14 16 22 26 27 04 9185282 0 5 359538 18 14267 623 824 1134 200 15730 50 16039 10 151793 5
2010046 2010-04-23 03 09 12 13 15 26 27 29 10544690 0 5 423283 21 14397 424 1426 1649 200 14081 50 30504 10 160911 5
2010047 2010-04-26 09 10 13 14 16 20 29 30 9654994 0 1 2021618 17 16988 354 1631 1264 200 12902 50 22617 10 143770 5
2010048 2010-04-28 01 04 11 22 23 27 29 18 9412836 0 3 630891 59 4582 510 1060 1793 200 12703 50 25473 10 131998 5
2010049 2010-04-30 03 10 14 17 23 29 30 21 10251112 0 3 857222 16 22961 338 2173 740 200 9847 50 13602 10 114573 5
2010050 2010-05-03 01 07 10 15 21 28 29 08 8943386 2104580 0 0 20 15032 266 2260 974 200 9270 50 16857 10 109769 5
2010051 2010-05-05 10 12 13 19 20 21 29 05 11191954 0 1 4944072 14 28974 233 3481 1075 200 8970 50 20717 10 111394 5
2010052 2010-05-07 05 08 09 11 12 15 28 02 10228378 0 2 1053101 29 10375 419 1436 1515 200 13969 50 24682 10 150955 5
2010053 2010-05-10 02 08 09 18 25 26 27 14 9338514 1898516 0 0 18 15067 441 1230 1453 200 13065 50 24415 10 135141 5
2010054 2010-05-12 01 03 05 08 20 22 23 30 10932386 4604687 0 0 8 48324 234 3304 1027 200 9452 50 19946 10 122690 5
2010055 2010-05-14 01 02 07 13 15 24 29 05 15942766 3213792 1 5000000 21 24551 537 1920 1438 200 19611 50 26766 10 224056 5
2010056 2010-05-17 06 09 12 15 22 23 30 11 12501356 0 2 3120166 20 21618 360 2402 1167 200 12589 50 21951 10 143935 5
2010057 2010-05-19 06 09 13 18 21 25 26 27 9774834 0 2 1175934 18 18665 308 2181 1038 200 9874 50 17722 10 110267 5
2010058 2010-05-21 05 07 09 18 20 26 29 01 10567566 2483972 0 0 9 39428 385 1843 871 200 11760 50 15348 10 142779 5
2010059 2010-05-24 06 09 11 14 17 25 29 08 11930978 0 2 2725982 18 23555 360 2355 1091 200 10737 50 22402 10 125424 5
2010060 2010-05-26 01 09 14 17 18 27 28 15 9534798 0 1 2414731 13 26535 226 3052 862 200 7837 50 16694 10 98249 5
2010061 2010-05-28 03 09 12 15 20 23 28 27 10623126 0 5 476810 12 28381 443 1537 1179 200 13036 50 22101 10 138186 5
2010062 2010-05-31 01 05 10 22 25 26 28 21 9762748 0 1 1916191 15 18249 457 1197 1154 200 15823 50 19272 10 166332 5
2010063 2010-06-02 02 05 06 11 21 26 27 04 9342616 0 13 118569 37 5951 1003 439 1531 200 20162 50 21615 10 169085 5
2010064 2010-06-04 04 06 09 10 12 23 25 24 10126908 2043548 0 0 33 8846 484 1206 1534 200 14802 50 22524 10 154138 5
2010065 2010-06-07 08 12 14 25 26 27 30 02 11751858 0 7 643708 29 12130 796 883 1581 200 18233 50 22675 10 157215 5
2010066 2010-06-09 02 05 11 20 25 26 29 12 9405048 0 2 1086506 22 14110 372 1668 1036 200 10626 50 17963 10 117208 5
2010067 2010-06-11 01 02 10 11 13 22 26 17 10615990 0 1 2578460 9 40927 334 2205 764 200 11056 50 15112 10 132320 5
2010068 2010-06-14 03 04 10 13 19 26 29 12 8870948 0 4 538069 14 21962 272 2260 815 200 8727 50 15641 10 103264 5
2010069 2010-06-16 06 10 12 13 16 24 27 01 8214076 0 2 959912 10 27426 348 1576 692 200 9507 50 12352 10 109004 5
2010070 2010-06-18 07 12 17 22 25 26 30 15 9940194 0 1 2417352 12 28778 269 2567 853 200 9721 50 17378 10 117381 5
2010071 2010-06-21 09 12 14 21 26 28 29 30 9171610 1830863 0 0 19 13765 390 1341 780 200 14877 50 13922 10 167900 5
2010072 2010-06-23 02 14 15 16 21 25 26 24 10568110 4566175 0 0 8 48844 202 3868 660 200 8582 50 14061 10 113815 5
2010073 2010-06-25 06 08 09 13 22 26 27 19 14854876 0 10 728560 36 10791 931 834 2022 200 26865 50 31541 10 266185 5
2010074 2010-06-28 03 04 10 13 17 27 30 11 9516338 0 1 2187437 21 14880 340 1838 1087 200 10790 50 18828 10 118583 5
2010075 2010-06-30 01 06 12 16 24 27 30 11 9066032 0 4 487559 20 13930 504 1105 1368 200 11940 50 21596 10 113948 5
2010076 2010-07-02 06 11 12 14 16 18 26 04 10204856 2515386 0 0 10 35934 198 3629 792 200 9310 50 16877 10 122860 5
2010077 2010-07-05 01 03 05 06 17 21 30 23 11201446 0 2 2787769 5 87432 168 5204 606 200 7610 50 12224 10 98624 5
2010078 2010-07-07 02 05 10 21 22 27 30 11 8596930 0 2 939127 14 19165 362 1482 1093 200 10939 50 16977 10 118791 5
2010079 2010-07-09 03 05 06 15 18 20 21 16 9881650 0 4 595805 17 20027 387 1759 847 200 10388 50 15290 10 119141 5
2010080 2010-07-12 06 14 19 24 26 27 29 23 8951304 0 3 697395 11 27171 223 2680 746 200 9905 50 15074 10 120422 5
2010081 2010-07-14 02 06 15 17 18 26 30 13 8648196 1891008 0 0 15 18009 357 1513 1072 200 10763 50 19940 10 116845 5
2010082 2010-07-16 03 07 11 14 17 24 26 25 11794956 0 2 2269121 30 12605 361 2095 1820 200 12415 50 30716 10 141171 5
2010083 2010-07-19 01 08 11 12 14 29 30 07 9268410 0 3 671751 14 20563 380 1515 958 200 12254 50 17931 10 135795 5
2010084 2010-07-21 01 06 10 13 14 15 22 05 8749278 0 1 2152129 8 38430 248 2479 692 200 8276 50 14208 10 103679 5
2010085 2010-07-23 02 08 17 19 20 22 29 28 9678012 0 5 445988 28 11377 401 1588 1229 200 10699 50 21427 10 112315 5
2010086 2010-07-26 02 03 04 07 15 18 26 08 8840048 1857249 0 0 9 29480 323 1642 913 200 12244 50 18396 10 139930 5
2010087 2010-07-28 01 04 05 10 20 22 27 13 10057778 4339215 0 0 32 11080 255 2780 1070 200 9074 50 18232 10 106525 5
2010088 2010-07-30 04 05 09 11 12 22 28 21 14214902 0 9 750544 70 4929 889 776 3207 200 24683 50 46354 10 235047 5
2010089 2010-08-02 03 16 17 21 24 26 30 27 9380032 0 3 697832 13 23005 388 1541 1019 200 11739 50 17911 10 127129 5
2010090 2010-08-04 04 10 13 17 20 23 27 01 8548824 0 4 506555 18 16081 309 1873 964 200 8885 50 16926 10 97602 5
2010091 2010-08-06 02 04 07 12 26 27 29 22 9931876 0 1 2228151 18 17683 288 2210 1369 200 10776 50 24836 10 124517 5
2010092 2010-08-09 11 12 14 19 25 27 28 24 9045492 0 2 722381 20 10319 462 893 1780 200 16930 50 29537 10 174095 5
2010093 2010-08-11 08 10 11 16 21 27 29 26 8623044 0 3 660430 21 13478 296 1912 1094 200 9203 50 20067 10 103051 5
2010094 2010-08-13 02 07 10 13 27 28 30 25 9867580 0 4 492547 25 11258 550 1023 1347 200 15240 50 23553 10 150725 5
2010095 2010-08-16 01 03 05 14 20 23 24 10 9145058 0 1 2091731 15 19921 342 1747 977 200 10630 50 17818 10 117562 5
2010096 2010-08-18 05 08 11 13 17 22 30 25 8749526 0 1 1950597 19 14666 373 1494 1076 200 10703 50 17213 10 115644 5
2010097 2010-08-20 03 12 13 15 19 26 30 22 9968378 0 4 552069 15 21031 404 1561 897 200 12739 50 17839 10 147017 5
2010098 2010-08-23 01 08 13 14 21 25 29 22 9156412 0 13 120943 25 8984 696 645 1390 200 18165 50 20356 10 170149 5
2010099 2010-08-25 02 03 07 09 13 23 26 10 8807782 0 3 657796 16 17619 294 1917 990 200 10257 50 17462 10 122243 5
2010100 2010-08-27 02 05 12 16 22 26 29 01 9800214 0 2 1125657 6 53602 421 1527 837 200 12332 50 15345 10 129698 5
2010101 2010-08-30 01 07 11 13 20 24 28 18 9292152 0 1 2199602 17 18484 264 2380 1007 200 9181 50 17533 10 115017 5
2010102 2010-09-01 01 02 07 08 22 24 27 10 8820750 0 1 2281571 6 54323 161 4048 716 200 6644 50 15938 10 85600 5
2010103 2010-09-03 05 11 12 20 22 24 29 02 9884850 0 2 1097348 19 16501 355 1766 1148 200 11883 50 19479 10 137951 5
2010104 2010-09-06 05 06 13 15 20 23 24 04 9296498 2314157 0 0 9 36732 230 0 798 200 8308 50 15361 10 104147 5
2010105 2010-09-08 03 10 11 12 13 20 30 09 10839334 0 3 1518273 25 12803 484 1322 1617 200 14481 50 26530 10 159515 5
2010106 2010-09-10 09 11 17 23 24 25 27 02 9671696 0 1 2448254 8 43718 191 3662 838 200 8076 50 16930 10 100185 5
2010107 2010-09-13 04 06 15 21 25 28 29 01 9027832 0 6 323467 20 13862 486 1140 1139 200 12179 50 18879 10 125103 5
2010108 2010-09-15 04 08 12 17 20 21 26 18 8547706 0 3 666658 12 23809 331 1726 825 200 9509 50 14916 10 108332 5
2010109 2010-09-17 04 08 10 14 23 24 30 20 9569698 0 2 1086937 20 15527 275 2258 1334 200 10277 50 20540 10 119513 5
2010110 2010-09-20 02 06 19 23 26 29 30 28 8954874 0 3 724073 7 44331 313 1982 634 200 9682 50 12548 10 109667 5
2010111 2010-09-22 02 03 10 18 24 27 29 22 7608072 0 2 853795 20 12197 281 1736 905 200 8263 50 18760 10 101358 5
2010112 2010-09-24 04 18 19 20 23 24 29 14 9569722 0 1 2489325 6 59269 184 3865 626 200 7926 50 12132 10 98033 5
2010113 2010-09-27 02 03 13 15 19 26 27 17 8947072 2195634 0 0 7 44808 215 2917 697 200 8931 50 13822 10 104655 5
2010114 2010-09-29 01 10 12 13 19 23 29 27 10212262 0 5 885067 20 15926 464 1372 1285 200 13129 50 21156 10 138741 5
2010115 2010-10-01 03 11 15 19 21 24 26 30 8813570 2161333 0 0 15 20584 234 2638 703 200 8279 50 15277 10 104742 5
2010116 2010-10-04 01 02 05 17 21 22 25 27 9846352 0 2 1976068 17 15048 620 825 1300 200 18084 50 23573 10 173298 5
2010117 2010-10-06 08 10 16 18 19 25 27 13 8449892 2169185 0 0 8 38735 173 3582 550 200 7280 50 10984 10 91554 5
2010118 2010-10-08 01 03 05 08 12 15 29 22 11741912 0 4 1105954 33 9760 538 1197 1985 200 17691 50 28900 10 192417 5
2010119 2010-10-11 01 09 10 13 19 22 28 29 9426292 0 4 570960 15 21750 310 2104 873 200 9830 50 15246 10 107538 5
2010120 2010-10-13 04 05 11 23 24 25 27 19 8767922 0 2 665973 31 6138 675 563 1650 200 19095 50 24126 10 173498 5
2010121 2010-10-15 04 06 18 20 21 24 25 14 10064718 0 2 1276193 7 52089 228 3198 789 200 8465 50 15932 10 109015 5
2010122 2010-10-18 03 07 12 18 21 23 25 06 9344844 0 5 316879 21 10778 690 656 1383 200 19019 50 21242 10 175115 5
2010123 2010-10-20 01 05 11 12 15 16 29 27 8939006 0 1 1987981 16 17749 286 1985 1347 200 9770 50 21744 10 112960 5
2010124 2010-10-22 02 09 10 13 15 21 27 05 10288826 0 3 734387 16 19671 381 1652 1180 200 13099 50 22687 10 155266 5
2010125 2010-10-25 04 06 12 16 25 27 30 08 9251892 0 2 1090698 13 23971 292 2134 1122 200 9237 50 20738 10 104703 5
2010126 2010-10-27 05 12 14 15 16 21 27 23 9021438 0 2 1182068 7 48247 229 2949 642 200 7448 50 11557 10 85359 5
2010127 2010-10-29 11 12 25 26 28 29 30 16 10085374 2373814 0 0 6 56519 301 2253 757 200 11028 50 16076 10 137422 5
2010128 2010-11-01 01 07 14 16 18 23 25 11 11301520 0 3 1752332 10 41188 266 3096 851 200 9363 50 17263 10 121586 5
2010129 2010-11-03 01 06 07 08 13 20 25 14 9118048 2136780 0 0 11 27750 303 2014 902 200 9880 50 16453 10 115274 5
2010130 2010-11-05 03 08 09 17 22 25 26 15 11836110 0 2 2163709 40 7823 763 820 2061 200 20241 50 29539 10 190114 5
2010131 2010-11-08 05 09 11 21 23 27 30 18 9520914 0 2 834037 19 12541 492 968 1688 200 16414 50 24989 10 174819 5
2010132 2010-11-10 04 10 12 16 24 29 30 05 9373974 0 3 362140 42 3695 1168 400 2509 200 24917 50 32486 10 193741 5
2010133 2010-11-12 01 02 03 10 18 27 30 14 10525098 0 4 647661 12 30841 302 2450 821 200 10302 50 16285 10 122845 5
2010134 2010-11-15 07 15 16 20 24 29 30 26 9229412 0 2 1163414 9 36933 204 3258 644 200 8403 50 13804 10 102276 5
2010135 2010-11-17 01 09 10 14 18 23 24 21 8877504 0 3 741358 10 31772 262 2425 676 200 8512 50 12510 10 97365 5
2010136 2010-11-19 02 06 13 17 22 23 27 12 10682298 0 6 320527 57 4819 721 762 2249 200 18182 50 29168 10 167273 5
2010137 2010-11-22 03 07 09 15 16 20 24 18 9512076 0 4 530933 14 21670 403 1505 844 200 12461 50 16703 10 133626 5
2010138 2010-11-24 01 06 08 13 16 22 28 23 9122050 0 1 2171004 16 19383 339 1829 845 200 9910 50 14780 10 111214 5
2010139 2010-11-26 01 05 07 08 10 14 30 27 10419482 0 2 1220754 8 43598 296 2356 1112 200 10376 50 23575 10 128145 5
2010140 2010-11-29 06 07 08 18 19 21 22 12 9789784 0 1 2336889 23 14514 300 2225 1360 200 8862 50 21825 10 105046 5
2010141 2010-12-01 03 11 16 21 24 26 27 25 8933382 0 2 923206 16 16485 435 1212 1185 200 12572 50 22376 10 130053 5
2010142 2010-12-03 01 16 17 19 20 26 27 29 10272134 0 2 1189497 9 37761 278 2445 1000 200 11031 50 22115 10 132416 5
2010143 2010-12-06 03 07 08 14 21 29 30 06 9315328 0 0 0 10 32090 331 1939 797 200 9922 50 14627 10 110733 5
2010144 2010-12-08 02 04 10 13 20 23 24 08 10643232 0 4 1160956 12 28541 527 1299 1013 200 13992 50 18833 10 139939 5
2010145 2010-12-10 01 17 18 23 26 28 30 09 10426790 0 2 1236664 14 25238 322 2194 1304 200 9892 50 24290 10 115500 5
2010146 2010-12-13 07 15 24 26 27 29 30 06 8947032 0 2 940161 16 16788 375 1432 1180 200 12040 50 20985 10 130004 5
2010147 2010-12-15 01 19 20 26 27 28 30 05 8417022 0 3 616869 13 20336 308 1716 1349 200 9498 50 22287 10 102609 5
2010148 2010-12-17 01 03 06 10 13 19 29 11 9885716 2386328 0 0 24 14204 289 2359 768 200 10259 50 15445 10 122792 5
2010149 2010-12-20 01 02 13 18 27 28 30 29 11513456 0 2 2379612 20 16949 507 1337 1641 200 16160 50 25438 10 172232 5
2010150 2010-12-22 09 15 19 25 26 27 29 22 9174558 0 1 2054411 15 19565 348 1686 761 200 11468 50 15329 10 136354 5
2010151 2010-12-24 02 07 08 10 15 23 24 13 10369820 0 3 796050 9 37907 405 1684 1045 200 12207 50 17482 10 135079 5
2010152 2010-12-27 06 07 11 12 14 24 28 21 9596232 0 3 597594 31 8261 502 1020 1700 200 14974 50 28417 10 153633 5
2010153 2010-12-29 04 05 11 20 23 26 27 19 9200822 0 5 370109 24 11015 400 1321 1431 200 12961 50 22781 10 140541 5
2010154 2010-12-31 03 04 07 16 20 25 26 27 10740944 0 3 791369 17 19950 373 1818 1168 200 13434 50 22049 10 149138 5
2011001 2011-01-03 13 16 17 19 21 26 27 01 2357230 9272554 0 0 9 37416 204 3301 998 200 6927 50 17531 10 90964 5
2011002 2011-01-05 04 09 14 18 20 25 26 24 11006932 0 3 1671863 19 19987 305 2490 1075 200 10939 50 18935 10 128888 5
2011003 2011-01-07 08 13 20 21 22 25 30 07 10886000 0 2 1255749 13 27598 359 1998 1208 200 11853 50 23014 10 136379 5
2011004 2011-01-10 04 10 12 13 14 20 30 19 9742548 0 1 2439421 6 58081 260 2680 782 200 8967 50 15882 10 105078 5
2011005 2011-01-12 01 07 08 09 19 21 29 12 9005380 0 4 422682 33 7319 564 856 1655 200 14363 50 25507 10 138618 5
2011006 2011-01-14 02 10 15 16 20 24 25 22 10196372 0 3 786142 5 67383 425 1585 830 200 12497 50 16606 10 134026 5
2011007 2011-01-17 01 06 15 16 22 25 26 17 9528210 2362169 0 0 10 33745 275 2454 801 200 9058 50 15144 10 105951 5
2011008 2011-01-19 01 03 08 09 10 13 29 06 10903058 4943267 0 0 11 33520 323 2283 896 200 11829 50 16347 10 144219 5
2011009 2011-01-21 04 06 09 13 15 18 27 12 15386800 0 8 1084820 19 28084 456 2340 1486 200 15021 50 27334 10 176361 5
2011010 2011-01-24 05 06 17 22 25 26 28 01 9788316 0 2 1011680 14 20646 431 1341 1124 200 14175 50 19522 10 155398 5
2011011 2011-01-26 10 13 15 18 25 26 27 22 9503718 0 2 1073440 9 34077 377 1627 767 200 12405 50 13996 10 135248 5
2011012 2011-01-28 06 09 11 15 18 23 29 27 10632862 0 1 2403532 17 20197 400 1716 1210 200 12613 50 21239 10 138289 5
2011013 2011-01-31 07 11 12 13 20 21 27 03 9820540 0 3 612075 57 4602 440 1192 2012 200 14807 50 28349 10 152529 5
2011014 2011-02-09 02 04 07 12 17 21 29 09 8534866 0 2 1048871 9 33297 308 1945 760 200 8567 50 13336 10 94320 5
2011015 2011-02-11 01 02 06 07 09 17 18 19 2357428 0 0 0 12 28064 204 3301 863 200 9124 50 15941 10 116962 5
2011016 2011-02-14 02 04 12 20 21 25 28 29 10905806 129476 1 5000000 10 39600 211 3753 860 200 9212 50 17603 10 115029 5
2011017 2011-02-16 04 08 11 12 14 26 28 27 9031414 0 2 1112014 10 29922 289 2070 1010 200 9619 50 19508 10 111029 5
2011018 2011-02-18 03 13 16 17 22 24 29 19 10295782 0 3 700671 23 13055 686 875 1561 200 14956 50 24970 10 146471 5
2011019 2011-02-21 01 03 05 06 14 16 21 29 9785138 0 1 2511206 10 35874 216 3321 689 200 8068 50 14270 10 104676 5
2011020 2011-02-23 02 04 05 10 13 26 29 20 9229070 0 1 1921163 29 9463 394 1393 1741 200 10966 50 28468 10 119309 5
2011021 2011-02-25 03 11 15 22 23 27 30 21 10804452 0 8 246810 16 17629 693 814 1063 200 20908 50 20274 10 202549 5
2011022 2011-02-28 01 05 06 20 23 27 29 04 9593164 0 1 2374298 6 56530 232 2924 739 200 9123 50 14010 10 112949 5
2011023 2011-03-02 03 11 15 20 22 25 28 16 9104788 0 2 1047692 22 13606 325 1842 972 200 10281 50 17059 10 117780 5
2011024 2011-03-04 02 03 06 07 12 22 30 05 10770220 0 2 1283793 12 30566 365 2009 852 200 11478 50 17621 10 137783 5
2011025 2011-03-07 04 07 09 11 16 21 28 14 9869564 0 2 1071966 19 16119 442 1385 1108 200 13305 50 18071 10 141153 5
2011026 2011-03-09 02 04 05 06 08 21 24 14 9739622 0 1 2334251 10 33346 272 2451 756 200 10301 50 14706 10 124892 5
2011027 2011-03-11 02 05 13 21 25 26 29 09 10809766 2514998 0 0 17 21134 334 2151 1165 200 11731 50 20975 10 134926 5
2011028 2011-03-14 03 04 07 17 19 20 28 11 12291908 49144 1 5000000 17 21295 490 1477 1824 200 16460 50 30391 10 182223 5
2011029 2011-03-16 10 15 17 20 25 26 28 04 10023458 0 1 2596090 16 22740 187 3891 1001 200 7957 50 16191 10 102608 5
2011030 2011-03-18 01 02 08 12 14 20 28 21 11136262 0 5 499605 23 15515 580 1230 1395 200 13797 50 21602 10 140657 5
2011031 2011-03-21 03 04 10 12 13 21 24 26 9920290 0 2 1152636 8 41165 339 1942 1000 200 10927 50 19428 10 125413 5
2011032 2011-03-23 16 17 19 21 24 25 29 14 9896818 0 2 1205139 16 21520 274 2513 898 200 9435 50 17213 10 116541 5
2011033 2011-03-25 04 08 18 20 28 29 30 27 11153460 0 3 806348 22 15708 524 1319 1381 200 14566 50 24127 10 152729 5
2011034 2011-03-28 02 09 13 14 18 26 29 03 9959912 0 4 511669 30 9746 476 1228 1563 200 13591 50 25558 10 141760 5
2011035 2011-03-30 01 11 21 25 28 29 30 05 9727604 0 5 450973 10 32212 280 2300 1079 200 10358 50 20207 10 121904 5
2011036 2011-04-01 02 04 05 08 14 19 25 12 10934500 0 4 619744 17 20831 321 2206 1303 200 12454 50 24297 10 138048 5
2011037 2011-04-04 02 10 14 16 18 20 25 01 9628432 2589031 0 0 10 36986 154 4803 555 200 6720 50 11650 10 91163 5
2011038 2011-04-06 01 09 15 16 17 26 29 30 11549128 0 4 1316760 19 20135 409 1870 1114 200 13395 50 17945 10 152268 5
2011039 2011-04-08 01 02 06 12 13 21 30 19 11079642 0 4 694353 15 26451 242 3279 966 200 9781 50 17995 10 119818 5
2011040 2011-04-11 06 10 11 12 15 27 30 08 9842492 0 1 2094085 18 16619 385 1554 1097 200 13573 50 20467 10 145710 5
2011041 2011-04-13 02 05 08 13 18 19 21 10 9222072 0 2 1116624 6 53172 295 2162 821 200 9613 50 15447 10 105828 5
2011042 2011-04-15 07 09 10 12 18 21 25 14 10412164 2424635 0 0 12 28864 328 2112 1002 200 11276 50 21172 10 132455 5
2011043 2011-04-18 01 09 12 13 20 27 29 24 12093170 5221928 0 0 14 28543 486 1644 987 200 14952 50 18422 10 160060 5
2011044 2011-04-20 11 14 16 23 25 27 29 12 14947104 0 2 4320464 17 28731 404 2417 1109 200 17066 50 24748 10 223443 5
2011045 2011-04-22 05 06 09 12 17 20 21 01 10994492 0 3 944896 5 80991 258 3139 724 200 9287 50 14403 10 116913 5
2011046 2011-04-25 09 13 14 16 18 26 27 20 9792264 2110793 0 0 28 10769 351 1718 1141 200 12972 50 18564 10 144070 5
2011047 2011-04-27 05 09 11 16 18 19 29 26 11378548 0 1 4765569 17 22309 296 2562 1161 200 12210 50 22066 10 143918 5
2011048 2011-04-29 02 10 12 15 21 23 28 03 10789644 0 5 435246 28 11103 478 1300 1786 200 14657 50 28186 10 161223 5
2011049 2011-05-02 05 09 11 12 15 23 29 17 9184918 0 1 2090980 17 17571 358 1668 931 200 11237 50 14854 10 123381 5
2011050 2011-05-04 14 15 18 23 26 27 29 09 9316214 2359888 0 0 12 28093 173 3897 1062 200 7001 50 18031 10 90183 5
2011051 2011-05-06 06 09 13 17 21 22 26 05 12964544 82262 1 5000000 48 8102 509 1528 2122 200 15999 50 35387 10 177060 5
2011052 2011-05-09 01 04 17 19 24 25 29 06 9965776 0 3 798181 14 23594 277 2385 878 200 11432 50 15467 10 135620 5
2011053 2011-05-11 02 10 11 13 26 27 30 18 9149440 0 1 1958831 21 13325 372 1504 1295 200 11456 50 23416 10 123787 5
2011054 2011-05-13 02 09 10 11 12 21 27 17 10525328 0 4 545670 26 11992 570 1094 1369 200 15222 50 22606 10 155667 5
2011055 2011-05-16 03 06 07 10 14 18 21 16 9267654 0 1 2216266 8 39576 343 1846 794 200 9890 50 16338 10 111675 5
2011056 2011-05-18 05 14 17 18 21 24 27 20 8889008 0 2 1075250 14 21943 352 1745 782 200 9227 50 14365 10 104414 5
2011057 2011-05-20 02 03 05 16 17 19 23 20 10232756 0 1 2448775 7 49975 315 2221 950 200 10191 50 19734 10 123782 5
2011058 2011-05-23 01 02 04 14 19 22 25 08 9486738 0 7 265684 35 7590 560 948 1959 200 12803 50 30727 10 130488 5
2011059 2011-05-25 05 11 17 20 21 22 30 25 8937170 0 3 736859 13 24292 230 2746 692 200 8220 50 14169 10 106031 5
2011060 2011-05-27 01 03 04 07 08 19 25 09 10377718 0 1 2511608 17 21105 272 2638 1074 200 10293 50 17297 10 118930 5
2011061 2011-05-30 05 08 10 15 18 25 30 12 9297888 0 7 277689 21 13223 572 970 1163 200 13517 50 19506 10 135113 5
2011062 2011-06-01 12 14 15 18 20 21 27 16 8741818 0 2 1027929 13 22591 295 1991 724 200 9880 50 13361 10 114828 5
2011063 2011-06-03 01 05 16 17 18 26 28 15 10172824 0 2 1201792 11 31215 361 1902 928 200 11398 50 15986 10 127126 5
2011064 2011-06-06 09 19 20 21 24 26 30 15 8476126 0 2 1073863 11 27892 209 2936 558 200 7570 50 11074 10 96856 5
2011065 2011-06-08 03 11 21 23 24 25 26 20 8460306 2057835 0 0 11 26725 201 2925 714 200 8096 50 14185 10 103267 5
2011066 2011-06-10 02 06 07 12 15 20 25 08 12106202 0 3 1626077 14 28779 426 1891 1333 200 13308 50 22044 10 150092 5
2011067 2011-06-13 04 13 15 16 22 24 28 05 9192628 0 3 689582 12 24627 380 1555 1153 200 11140 50 19266 10 113755 5
2011068 2011-06-15 03 09 13 14 17 23 24 22 8708796 0 2 780941 21 10625 570 782 1457 200 15918 50 19945 10 149860 5
2011069 2011-06-17 05 07 09 16 17 21 25 02 10226356 0 3 670356 27 10640 529 1086 1725 200 15195 50 27517 10 151608 5
2011070 2011-06-20 05 11 12 14 19 20 28 01 9156872 0 3 534074 26 8803 741 617 1926 200 15737 50 28846 10 147493 5
2011071 2011-06-22 04 13 14 23 24 25 27 19 8720872 0 1 2085130 16 18617 326 1827 920 200 9172 50 15216 10 99942 5
2011072 2011-06-24 02 03 06 14 15 21 26 13 9930118 0 7 256118 19 13479 654 783 1224 200 18859 50 20963 10 181439 5
2011073 2011-06-27 04 05 14 21 23 24 27 08 8990842 2251765 0 0 4 80420 235 2737 641 200 8565 50 13726 10 98999 5
2011074 2011-06-29 01 03 16 17 18 20 25 04 10505784 0 2 2052486 31 8540 663 798 1602 200 19668 50 24916 10 189487 5
2011075 2011-07-01 06 09 12 19 21 25 27 20 10183766 2070386 0 0 20 14788 370 1598 1689 200 13450 50 26665 10 151080 5
2011076 2011-07-04 01 05 10 18 24 25 29 02 11005902 0 2 2225811 23 14790 487 1397 1217 200 14246 50 22898 10 161289 5
2011077 2011-07-06 06 13 14 15 23 24 27 25 8749788 0 1 1872105 36 7428 443 1207 1205 200 12284 50 14749 10 122054 5
2011078 2011-07-08 05 07 15 17 21 23 26 20 10256780 0 5 373449 26 10259 475 1123 1781 200 16740 50 28344 10 176337 5
2011079 2011-07-11 05 14 16 19 20 26 28 27 9430562 0 3 582915 22 11355 508 983 1575 200 15711 50 26683 10 151077 5
2011080 2011-07-13 02 03 05 18 21 22 29 11 9149334 0 2 1050934 19 15803 284 2114 1115 200 9428 50 21420 10 114381 5
2011081 2011-07-15 04 05 06 07 15 16 25 12 10423242 0 2 1056793 19 15891 558 1082 1354 200 15338 50 26790 10 156476 5
2011082 2011-07-18 09 16 17 19 20 21 29 13 9280796 0 4 417644 53 4502 573 832 2179 200 14550 50 30762 10 138026 5
2011083 2011-07-20 03 06 11 16 17 22 23 25 8784506 0 3 668293 14 20457 309 1853 942 200 10508 50 16743 10 111813 5
2011084 2011-07-22 02 05 09 14 16 21 22 08 10341980 0 2 1208814 13 26567 335 2061 969 200 11491 50 18270 10 132553 5
2011085 2011-07-25 01 07 12 22 24 27 29 15 9161900 0 4 522532 7 42655 249 2398 1144 200 9698 50 20879 10 116188 5
2011086 2011-07-27 02 05 12 18 21 24 27 13 8655158 0 1 2048604 16 18291 268 2184 937 200 9192 50 16197 10 101096 5
2011087 2011-07-29 09 16 18 19 22 24 30 27 10171202 0 3 898572 8 48137 265 2906 632 200 7569 50 12842 10 99919 5
2011088 2011-08-01 03 04 10 12 15 24 29 17 9312938 0 3 737466 7 45150 280 2257 900 200 9661 50 17925 10 112094 5
2011089 2011-08-03 12 13 18 24 25 27 28 06 8946512 2091845 0 0 14 21345 245 2439 1015 200 9083 50 19117 10 109424 5
2011090 2011-08-05 02 04 06 09 10 20 28 17 12327820 0 3 1753629 10 45272 362 2501 860 200 10706 50 17636 10 125953 5
2011091 2011-08-08 06 13 15 20 25 27 30 23 9016066 0 1 2180788 7 44505 263 2369 901 200 8879 50 15631 10 104400 5
2011092 2011-08-10 02 08 09 14 20 25 28 01 8530510 0 3 694460 13 22894 233 2554 721 200 8406 50 13858 10 100122 5
2011093 2011-08-12 07 08 10 13 14 22 23 02 9996748 0 3 745278 16 19962 386 1654 950 200 12760 50 15655 10 143961 5
2011094 2011-08-15 05 07 08 16 17 28 30 12 8855202 0 2 988282 21 13446 360 1568 1054 200 10629 50 19085 10 116457 5
2011095 2011-08-17 07 10 13 16 18 19 27 29 8630502 0 2 985546 17 16563 334 1686 989 200 9759 50 16697 10 112076 5
2011096 2011-08-19 01 09 13 16 22 24 27 14 9716708 0 6 396311 35 9705 285 2383 1149 200 8713 50 18075 10 103606 5
2011097 2011-08-22 10 11 15 16 21 27 29 20 8976078 1894695 0 0 8 33833 351 1542 940 200 12408 50 18094 10 140446 5
2011098 2011-08-24 06 12 18 19 23 27 30 07 10362046 0 4 945119 32 8418 656 821 1631 200 18409 50 24804 10 177747 5
2011099 2011-08-26 11 15 16 23 26 27 29 28 10133820 0 1 2572816 2 183772 240 3062 751 200 8842 50 15209 10 109146 5
2011100 2011-08-29 04 07 13 14 16 18 25 06 8907642 0 2 1019565 9 32367 293 1988 805 200 10640 50 15404 10 120932 5
2011101 2011-08-31 07 11 17 18 26 27 30 13 8743874 2066626 0 0 5 59046 306 1929 762 200 9766 50 14803 10 108689 5
2011102 2011-09-02 01 04 07 08 16 17 30 29 12685080 0 1 4969413 41 10114 423 1960 1989 200 12787 50 31611 10 143118 5
2011103 2011-09-05 01 02 11 16 23 27 29 04 9408032 2232615 0 0 8 39868 301 2119 708 200 10457 50 13093 10 125021 5
2011104 2011-09-07 01 03 18 20 25 29 30 14 11203428 0 2 2464887 18 21406 370 2082 1109 200 11058 50 21334 10 129711 5
2011105 2011-09-09 04 05 10 15 23 26 30 24 10367804 0 5 462567 20 16520 375 1762 1052 200 12795 50 19215 10 146774 5
2011106 2011-09-12 06 10 16 23 25 27 30 03 8756438 0 3 599373 18 14270 376 1366 1275 200 12244 50 19618 10 131706 5
2011107 2011-09-14 03 04 09 10 13 25 27 30 9154970 0 1 2227025 8 39768 232 2742 739 200 9171 50 12862 10 113900 5
2011108 2011-09-16 01 07 11 13 17 23 24 25 10466110 0 1 2518130 11 32702 295 2438 978 200 10457 50 17968 10 126587 5
2011109 2011-09-19 02 04 09 20 21 24 29 27 9381350 0 4 531596 7 43395 340 1786 979 200 11196 50 18919 10 122875 5
2011110 2011-09-21 02 06 14 16 22 23 30 13 9226730 2297300 0 0 14 23441 216 3038 835 200 8365 50 14209 10 102380 5
2011111 2011-09-23 02 03 06 07 21 27 30 24 12683616 0 2 2731247 15 30144 328 2757 1047 200 11616 50 19468 10 141677 5
2011112 2011-09-26 02 09 10 11 14 22 25 04 9594846 0 1 2450167 12 29168 213 3286 798 200 8056 50 15611 10 96545 5
2011113 2011-09-28 04 07 08 12 15 22 27 20 8592066 0 5 373739 17 15703 434 1230 931 200 11691 50 15482 10 122995 5
2011114 2011-09-30 04 09 10 11 18 27 30 21 10199036 0 3 781262 18 18601 408 1641 1056 200 12058 50 17789 10 131454 5
2011115 2011-10-03 02 05 06 12 19 29 30 21 8339066 0 7 242222 13 18632 433 1118 1041 200 12645 50 16130 10 132434 5
2011116 2011-10-05 02 03 08 15 16 23 25 13 8196138 0 3 574205 26 9464 459 1072 1124 200 11530 50 18908 10 112969 5
2011117 2011-10-07 12 14 15 19 22 25 27 09 9820424 0 3 804952 8 43122 210 3285 1047 200 8138 50 21327 10 106528 5
2011118 2011-10-10 06 16 18 23 24 27 30 07 9379712 0 6 270984 48 4839 575 807 2491 200 15037 50 32755 10 139147 5
2011119 2011-10-12 03 08 12 19 20 25 26 09 8931446 0 5 359601 34 7554 535 960 1397 200 13291 50 22580 10 127615 5
2011120 2011-10-14 03 05 07 15 20 26 30 06 10220290 2613885 0 0 5 74682 240 3111 717 200 8601 50 16029 10 108016 5
2011121 2011-10-17 05 08 15 25 27 28 30 21 11592938 0 3 1679008 16 21635 533 1298 1283 200 16719 50 23406 10 178460 5
2011122 2011-10-19 02 06 14 16 20 24 27 11 9046694 0 1 1960206 16 17501 373 1501 982 200 12357 50 16293 10 131081 5
2011123 2011-10-21 07 11 16 18 20 22 26 09 10347826 0 1 2573511 9 40849 207 3552 859 200 9332 50 17024 10 117070 5
2011124 2011-10-24 02 06 10 12 14 20 27 19 9360908 0 3 781803 12 27921 196 3418 832 200 8240 50 16277 10 99018 5
2011125 2011-10-26 06 11 20 21 23 24 30 27 9037392 2317890 0 0 12 27593 184 3599 883 200 6716 50 17546 10 85838 5
2011126 2011-10-28 02 07 08 17 19 21 29 27 12735184 0 2 2556017 17 23480 487 1639 1318 200 16174 50 24404 10 186453 5
2011127 2011-10-31 06 10 13 18 19 20 23 09 9702592 0 3 735960 10 31541 302 2088 1184 200 10537 50 23576 10 120149 5
2011128 2011-11-02 03 06 07 09 11 12 19 04 9217668 0 7 280888 8 35111 419 1340 879 200 13435 50 16630 10 138784 5
2011129 2011-11-04 04 13 17 22 28 29 30 11 10323898 0 4 589435 27 12474 563 1196 1017 200 13254 50 16914 10 131053 5
2011130 2011-11-07 01 03 13 18 21 23 25 06 9041260 0 3 735257 8 39388 318 1981 687 200 9012 50 15216 10 107791 5
2011131 2011-11-09 03 07 12 26 27 28 29 21 8690748 2072802 0 0 14 21151 248 2388 821 200 9015 50 14944 10 106586 5
2011132 2011-11-11 02 08 11 13 16 22 26 29 12684288 0 2 2396706 26 14948 564 1378 1568 200 16823 50 24420 10 185953 5
2011133 2011-11-14 04 08 14 19 22 25 30 15 9634280 0 5 437557 14 22324 417 1498 1038 200 11461 50 19388 10 124171 5
2011134 2011-11-16 06 08 20 21 25 29 30 12 9124786 2135392 0 0 10 30505 261 2337 1114 200 9060 50 19881 10 109195 5
2011135 2011-11-18 04 05 19 23 24 27 29 07 12829726 0 1 4762947 24 15640 533 1408 1880 200 17176 50 34210 10 191203 5
2011136 2011-11-21 06 10 15 16 19 25 26 11 9599250 1917529 0 0 17 16113 533 1027 1312 200 14972 50 22614 10 145433 5
2011137 2011-11-23 06 16 17 20 21 28 29 03 11395706 0 2 2339280 13 30341 297 2656 1166 200 10670 50 22241 10 130091 5
2011138 2011-11-25 02 13 18 24 28 29 30 06 10780642 0 2 1117049 22 14507 394 1620 1307 200 14737 50 22899 10 172741 5
2011139 2011-11-28 01 07 11 15 21 25 28 13 9601710 2130749 0 0 17 17905 309 1970 1044 200 11866 50 18294 10 135174 5
2011140 2011-11-30 07 08 09 11 13 22 30 28 11514558 4858371 0 0 10 38966 294 2650 1007 200 12090 50 19000 10 149926 5
2011141 2011-12-02 03 09 12 14 17 25 30 28 16602010 0 3 2941154 17 33320 538 2105 1211 200 18293 50 22277 10 218189 5
2011142 2011-12-05 03 15 16 19 21 23 24 27 9807002 0 2 995566 22 12929 380 1497 1941 200 11760 50 33531 10 129889 5
2011143 2011-12-07 01 07 08 10 14 17 18 16 9156180 2250428 0 0 11 29226 225 2857 757 200 9027 50 14146 10 105484 5
2011144 2011-12-09 09 13 19 25 27 28 29 20 12707910 0 2 2348753 46 7599 556 1257 2474 200 17753 50 40478 10 188764 5
2011145 2011-12-12 12 20 23 24 25 29 30 15 9958738 0 1 1945738 15 18530 411 1352 1545 200 14944 50 27677 10 153437 5
2011146 2011-12-14 09 13 16 21 22 26 30 18 9467340 1707213 0 0 21 11613 546 893 1411 200 16814 50 22682 10 170080 5
2011147 2011-12-16 01 06 10 20 22 26 30 09 13367574 0 2 2490910 16 29237 416 2249 1242 200 12775 50 22410 10 152170 5
2011148 2011-12-19 01 02 10 23 25 28 29 20 10222660 0 5 501357 12 29842 253 2830 837 200 9828 50 15929 10 121977 5
2011149 2011-12-21 01 06 11 15 19 20 29 09 9454338 0 1 2239422 18 17773 253 0 976 200 9656 50 18381 10 114328 5
2011150 2011-12-23 01 05 13 15 16 19 24 08 11137104 2917058 0 0 13 32055 173 4817 946 200 7646 50 19228 10 105235 5
2011151 2011-12-26 01 16 18 19 24 27 29 30 12469688 0 3 2069536 14 33587 234 4018 1018 200 8461 50 20362 10 115532 5
2011152 2011-12-28 06 07 09 10 18 19 23 27 9501298 0 1 2080544 26 11431 385 1544 1271 200 11533 50 21921 10 126674 5
2011153 2011-12-30 04 09 12 14 16 17 20 21 10835464 0 1 2177852 25 12444 366 1700 1940 200 13830 50 32311 10 159110 5
2012001 2012-01-02 02 11 16 18 20 29 30 14 9482066 0 3 704274 10 30183 347 1739 753 200 12684 50 13915 10 140789 5
2012002 2012-01-04 02 06 14 19 21 27 30 05 9229814 0 4 556605 20 15903 377 1687 856 200 9648 50 14558 10 108565 5
2012003 2012-01-06 05 14 20 21 22 26 28 10 10888830 0 2 1326596 11 34457 343 2210 976 200 10825 50 18764 10 124232 5
2012004 2012-01-09 05 08 13 16 17 19 24 12 9869044 0 1 2197983 13 24153 380 1652 1046 200 12303 50 19944 10 134413 5
2012005 2012-01-11 01 06 09 15 18 22 27 11 9294206 0 11 98060 62 2485 980 0 2681 200 23331 50 34649 10 192793 5
2012006 2012-01-13 11 15 18 19 20 27 28 13 10895330 0 2 1288317 14 26292 328 2244 966 200 11551 50 18343 10 140725 5
2012007 2012-01-16 01 09 16 17 20 27 29 15 9527766 0 3 649455 17 16372 419 1328 1054 200 14413 50 18181 10 154393 5
2012008 2012-01-18 01 07 09 13 19 21 23 05 9219488 0 2 1063110 14 21696 340 1786 817 200 10803 50 13931 10 127446 5
2012009 2012-01-20 02 04 10 18 24 26 27 28 11362966 0 6 391551 31 10826 622 1079 1502 200 16513 50 24316 10 168497 5
2012010 2012-01-30 01 08 13 15 22 25 30 21 8698046 1878213 0 0 10 26831 347 1546 737 200 12239 50 13728 10 136450 5
2012011 2012-02-01 01 05 07 15 22 25 28 21 10204976 4557573 0 0 6 63794 215 3560 698 200 8083 50 13089 10 99628 5
2012012 2012-02-03 01 11 13 16 20 24 29 05 14893932 7944947 0 0 16 30244 498 1943 1294 200 17807 50 25448 10 211058 5
2012013 2012-02-06 03 11 18 21 23 27 30 10 17562884 0 10 1042621 76 4664 1412 502 3973 200 38835 50 57072 10 350815 5
2012014 2012-02-08 02 04 07 17 21 25 28 06 9459338 0 2 1021172 16 18235 353 1653 1014 200 12619 50 19870 10 136998 5
2012015 2012-02-10 02 07 08 18 24 25 30 28 10902508 0 5 518948 9 41186 418 1773 978 200 12033 50 17050 10 133541 5
2012016 2012-02-13 01 08 10 17 21 28 29 05 10069350 2444712 0 0 14 24946 292 2392 1105 200 9250 50 21007 10 109593 5
2012017 2012-02-15 03 04 13 21 24 25 30 23 11922558 420438 1 5000000 8 53137 325 2616 985 200 11025 50 17986 10 132581 5
2012018 2012-02-17 07 10 11 13 18 20 25 16 11259918 0 3 898142 19 17097 549 1183 1800 200 15764 50 29628 10 164865 5
2012019 2012-02-20 02 05 07 10 14 19 21 11 10415664 0 2 1222392 14 24946 291 2400 1030 200 10964 50 19359 10 132667 5
2012020 2012-02-22 05 10 11 18 25 27 28 17 10072604 2456839 0 0 12 29248 312 2249 966 200 9874 50 16593 10 114595 5
2012021 2012-02-24 02 04 07 08 18 20 24 17 13840640 0 3 1945589 11 43895 471 2050 1178 200 14167 50 21197 10 159505 5
2012022 2012-02-27 07 08 10 11 20 24 29 04 10491162 0 4 615852 16 21994 342 2057 1106 200 11234 50 18854 10 130014 5
2012023 2012-02-29 06 12 16 17 19 26 30 27 9727408 0 6 234173 38 5282 810 0 2088 200 21729 50 31036 10 188964 5
2012024 2012-03-02 01 06 07 08 14 21 30 18 11486920 0 3 950100 26 15661 318 2560 1271 200 9752 50 23801 10 115384 5
2012025 2012-03-05 06 07 12 13 17 21 27 29 10346142 0 5 501751 22 16290 334 2146 1014 200 10206 50 18589 10 117336 5
2012026 2012-03-07 01 02 06 14 21 26 27 16 9776072 0 3 851824 9 40563 224 3259 809 200 7700 50 14535 10 89490 5
2012027 2012-03-09 03 05 06 15 18 26 30 22 11078754 0 2 1223300 23 15196 377 1854 1462 200 12752 50 25683 10 149323 5
2012028 2012-03-12 05 07 09 11 13 24 28 04 10158922 0 3 706910 10 30296 355 1706 1550 200 12802 50 28590 10 142451 5
2012029 2012-03-14 03 04 05 14 16 27 30 08 9337528 0 3 661950 21 13509 426 1331 1583 200 11323 50 26476 10 118190 5
2012030 2012-03-16 08 12 13 19 23 26 27 21 11038744 0 3 814304 17 20528 464 1504 1040 200 14498 50 19294 10 158654 5
2012031 2012-03-19 13 14 17 20 21 26 27 23 9918054 2290208 0 0 5 65434 349 1874 622 200 12473 50 12036 10 143942 5
2012032 2012-03-21 01 03 10 14 23 26 27 05 11640748 430997 1 5000000 9 49853 193 4649 696 200 8049 50 13773 10 107549 5
2012033 2012-03-23 01 03 05 06 10 14 30 26 11040752 0 2 1534395 19 19833 292 2581 1404 200 10483 50 21650 10 124048 5
2012034 2012-03-26 03 05 10 12 15 16 23 29 9842434 0 1 2403084 14 24521 237 2897 964 200 8985 50 19035 10 111483 5
2012035 2012-03-28 06 07 09 11 14 20 27 22 9571146 0 2 1060080 9 33653 370 1637 954 200 11992 50 17302 10 139528 5
2012036 2012-03-30 09 13 15 18 20 23 29 01 11167362 0 1 2729424 16 24369 319 2444 894 200 11223 50 15207 10 136162 5
2012037 2012-04-02 01 07 10 19 20 26 30 18 9376994 0 2 991232 33 8582 429 1320 1278 200 12929 50 19555 10 133007 5
2012038 2012-04-04 01 03 10 13 21 24 27 11 8773104 2132683 0 0 14 21762 228 2672 873 200 8470 50 16472 10 97862 5
2012039 2012-04-06 02 03 06 18 19 27 28 22 13115162 0 4 1298094 24 18212 450 1942 1402 200 13862 50 26742 10 162903 5
2012040 2012-04-09 04 05 06 09 14 24 28 19 9951042 2307889 0 0 15 21979 272 2424 1271 200 10054 50 20733 10 122959 5
2012041 2012-04-11 01 03 13 15 16 17 24 08 11536424 0 2 2691350 9 48806 206 4264 900 200 7526 50 19927 10 100938 5
2012042 2012-04-13 03 07 16 17 20 21 29 11 10700390 0 2 1108690 24 13198 535 1184 1621 200 14487 50 25584 10 154223 5
2012043 2012-04-16 06 10 15 20 23 28 30 09 9977770 0 17 123626 19 15801 417 1439 1345 200 13315 50 22821 10 144756 5
2012044 2012-04-18 05 07 10 11 15 25 30 27 9329942 0 1 1794773 24 10683 618 829 1642 200 14503 50 28230 10 134372 5
2012045 2012-04-20 06 07 08 12 13 19 30 26 10758538 0 7 336898 30 11229 347 1941 1560 200 12393 50 27429 10 139352 5
2012046 2012-04-23 03 09 16 24 25 27 29 21 9540034 0 4 455397 21 12391 444 1172 1682 200 14004 50 28017 10 151115 5
2012047 2012-04-25 01 02 12 15 21 23 26 25 9048904 2324471 0 0 9 36896 226 2938 645 200 7590 50 12516 10 95926 5
2012048 2012-04-27 01 02 04 11 12 28 29 06 12720822 0 3 1808395 17 26056 372 2381 1061 200 12981 50 19633 10 149206 5
2012049 2012-04-30 01 11 14 18 23 25 29 09 8523320 0 1 2186934 5 62483 144 4339 721 200 6647 50 13968 10 87201 5
2012050 2012-05-02 02 08 11 20 23 24 26 04 8562634 0 3 738397 3 105485 275 2301 619 200 7158 50 11826 10 86234 5
2012051 2012-05-04 02 07 11 17 23 24 29 28 10170430 0 1 2376626 22 15432 356 1907 1082 200 11488 50 18072 10 123362 5
2012052 2012-05-07 07 08 11 16 26 29 30 01 9311360 0 4 544024 15 20724 248 2507 1008 200 9929 50 17511 10 116139 5
2012053 2012-05-09 02 11 12 14 25 28 29 20 8656054 0 1 2187025 8 39054 230 2716 641 200 7931 50 12792 10 92895 5
2012054 2012-05-11 02 09 16 18 24 27 28 22 10036868 0 5 435829 22 14150 412 1511 1057 200 13245 50 19182 10 147906 5
2012055 2012-05-14 01 03 05 10 12 15 20 14 9273288 0 3 667074 14 20420 419 1364 813 200 13150 50 14871 10 143242 5
2012056 2012-05-16 03 15 16 18 24 25 27 17 8635360 1977546 0 0 18 15694 308 1834 835 200 10592 50 14407 10 113118 5
2012057 2012-05-18 01 05 06 16 18 23 25 12 11912624 0 3 1604694 17 23836 310 2614 1227 200 11799 50 22884 10 144160 5
2012058 2012-05-21 01 03 08 10 17 22 24 16 9222008 2314626 0 0 9 36740 227 2913 688 200 8336 50 13665 10 104225 5
2012059 2012-05-23 06 07 09 19 21 26 30 05 10902824 0 13 316149 22 11657 1052 487 1518 200 24431 50 25604 10 199290 5
2012060 2012-05-25 02 03 05 07 22 24 25 11 10343722 2613771 0 0 12 31116 215 3473 761 200 8591 50 17771 10 115001 5
