2004001	188	070
2004002	356	557
2004003	883	986
2004004	369	791
2004005	780	941
2004006	597	611
2004007	489	144
2004008	573	471
2004009	783	505
2004010	341	828
2004011	000	607
2004012	498	878
2004013	074	477
2004014	622	476
2004015	593	439
2004016	329	679
2004017	667	688
2004018	570	177
2004019	288	264
2004020	571	597
2004021	832	270
2004022	204	086
2004023	423	936
2004024	031	287
2004025	691	152
2004026	668	247
2004027	708	798
2004028	943	801
2004029	473	485
2004030	640	205
2004031	797	800
2004032	829	151
2004033	469	992
2004034	746	253
2004035	370	911
2004036	550	424
2004037	679	828
2004038	893	631
2004039	970	339
2004040	788	836
2004041	194	935
2004042	073	303
2004043	651	227
2004044	641	092
2004045	004	927
2004046	188	821
2004047	767	731
2004048	791	284
2004049	877	798
2004050	737	933
2004051	478	066
2004052	808	167
2004053	531	487
2004054	130	008
2004055	751	378
2004056	965	409
2004057	726	774
2004058	367	722
2004059	711	229
2004060	642	369
2004061	915	651
2004062	427	649
2004063	453	357
2004064	415	263
2004065	727	472
2004066	003	787
2004067	396	419
2004068	230	187
2004069	535	519
2004070	485	619
2004071	492	107
2004072	125	397
2004073	263	229
2004074	670	605
2004075	507	321
2004076	079	905
2004077	165	936
2004078	735	860
2004079	552	879
2004080	934	093
2004081	717	984
2004082	703	165
2004083	832	044
2004084	605	170
2004085	906	269
2004086	840	737
2004087	105	163
2004088	344	217
2004089	526	191
2004090	435	263
2004091	564	018
2004092	261	033
2004093	793	733
2004094	690	217
2004095	013	819
2004096	082	964
2004097	427	375
2004098	399	554
2004099	715	920
2004100	683	699
2004101	063	499
2004102	691	125
2004103	376	223
2004104	055	069
2004105	667	310
2004106	184	619
2004107	686	251
2004108	773	033
2004109	133	550
2004110	963	628
2004111	727	631
2004112	367	105
2004113	850	131
2004114	310	599
2004115	120	698
2004116	607	338
2004117	979	048
2004118	592	829
2004119	303	173
2004120	397	982
2004121	967	393
2004122	936	313
2004123	926	950
2004124	684	579
2004125	116	494
2004126	983	062
2004127	216	753
2004128	593	105
2004129	406	275
2004130	552	185
2004131	917	971
2004132	321	665
2004133	105	302
2004134	573	543
2004135	304	992
2004136	857	327
2004137	795	573
2004138	208	723
2004139	837	562
2004140	740	116
2004141	426	360
2004142	385	626
2004143	433	919
2004144	176	484
2004145	109	445
2004146	109	846
2004147	134	161
2004148	350	916
2004149	537	743
2004150	876	768
2004151	963	289
2004152	432	833
2004153	244	850
2004154	807	313
2004155	470	772
2004156	230	286
2004157	947	661
2004158	504	529
2004159	299	064
2004160	101	185
2004161	057	834
2004162	397	799
2004163	274	509
2004164	947	248
2004165	822	938
2004166	961	644
2004167	073	215
2004168	569	895
2004169	954	262
2004170	766	787
2004171	812	986
2004172	175	549
2004173	314	282
2004174	169	666
2004175	351	816
2004176	635	488
2004177	678	845
2004178	503	529
2004179	545	691
2004180	563	743
2004181	397	876
2004182	832	190
2004183	811	831
2004184	598	654
2004185	980	134
2004186	229	549
2004187	172	039
2004188	100	626
2004189	356	959
2004190	058	276
2004191	523	004
2004192	235	834
2004193	939	668
2004194	021	988
2004195	477	452
2004196	055	713
2004197	049	633
2004198	164	589
2004199	788	314
2004200	095	169
2004201	298	884
2004202	132	736
2004203	068	707
2004204	948	014
2004205	411	662
2004206	913	567
2004207	590	159
2004208	909	599
2004209	246	149
2004210	566	709
2004211	493	628
2004212	328	902
2004213	351	455
2004214	916	978
2004215	704	905
2004216	981	914
2004217	544	459
2004218	841	924
2004219	449	400
2004220	210	805
2004221	602	026
2004222	089	767
2004223	565	052
2004224	534	795
2004225	721	651
2004226	316	531
2004227	337	963
2004228	588	171
2004229	656	160
2004230	689	999
2004231	653	467
2004232	759	847
2004233	999	093
2004234	420	686
2004235	036	242
2004236	918	751
2004237	523	771
2004238	186	495
2004239	125	515
2004240	354	755
2004241	334	075
2004242	063	250
2004243	674	280
2004244	398	375
2004245	865	567
2004246	351	642
2004247	155	115
2004248	912	383
2004249	583	346
2004250	030	416
2004251	847	070
2004252	406	974
2004253	427	059
2004254	876	918
2004255	522	025
2004256	411	464
2004257	058	141
2004258	274	894
2004259	965	102
2004260	698	277
2004261	449	537
2004262	415	620
2004263	620	967
2004264	713	964
2004265	512	861
2004266	270	594
2004267	050	338
2004268	622	051
2004269	243	593
2004270	936	141
2004271	783	273
2004272	468	399
2004273	530	788
2004274	869	805
2004275	887	079
2004276	447	085
2004277	102	957
2004278	052	880
2004279	695	460
2004280	237	283
2004281	165	006
2004282	428	789
2004283	646	851
2004284	238	690
2004285	971	070
2004286	704	557
2004287	082	986
2004288	817	791
2004289	324	941
2004290	389	611
2004291	766	144
2004292	815	471
2004293	098	505
2004294	788	828
2004295	140	607
2004296	294	878
2004297	607	477
2004298	892	476
2004299	942	439
2004300	149	679
2004301	214	688
2004302	356	177
2004303	761	264
2004304	514	597
2004305	157	270
2004306	439	086
2004307	805	936
2004308	446	287
2004309	606	152
2004310	820	247
2004311	587	798
2004312	943	801
2004313	648	485
2004314	223	205
2004315	446	800
2004316	227	151
2004317	797	992
2004318	910	253
2004319	815	911
2004320	262	424
2004321	189	828
2004322	953	631
2004323	785	339
2004324	611	836
2004325	541	935
2004326	182	303
2004327	037	227
2004328	473	092
2004329	224	927
2004330	025	821
2004331	586	731
2004332	439	284
2004333	331	798
2004334	751	933
2004335	328	066
2004336	767	167
2004337	809	487
2004338	488	008
2004339	997	378
2004340	252	409
2004341	231	774
2004342	426	722
2004343	214	229
2004344	555	369
2004345	384	651
2004346	973	649
2004347	328	357
2004348	431	263
2004349	238	472
2004350	967	787
2004351	392	419
2004352	955	187
2004353	302	519
2004354	397	619
2004355	729	107
2004356	490	397
2004357	475	229
2004358	604	605
2004359	646	321
2005001	055	019
2005002	744	043
2005003	225	928
2005004	892	052
2005005	300	568
2005006	276	864
2005007	645	319
2005008	745	003
2005009	372	707
2005010	376	658
2005011	192	740
2005012	973	854
2005013	178	850
2005014	830	053
2005015	619	438
2005016	506	107
2005017	008	802
2005018	529	715
2005019	915	803
2005020	037	766
2005021	691	075
2005022	892	313
2005023	504	405
2005024	246	271
2005025	068	985
2005026	198	339
2005027	720	925
2005028	466	389
2005029	929	717
2005030	913	827
2005031	483	699
2005032	669	853
2005033	587	881
2005034	671	151
2005035	418	599
2005036	008	275
2005037	085	074
2005038	277	631
2005039	102	086
2005040	006	723
2005041	694	700
2005042	692	466
2005043	196	942
2005044	194	934
2005045	516	028
2005046	152	488
2005047	474	710
2005048	583	005
2005049	654	784
2005050	304	272
2005051	766	830
2005052	818	493
2005053	365	142
2005054	256	307
2005055	739	058
2005056	872	257
2005057	888	081
2005058	874	195
2005059	958	542
2005060	109	717
2005061	218	245
2005062	157	311
2005063	329	959
2005064	028	600
2005065	529	467
2005066	391	787
2005067	638	875
2005068	928	958
2005069	977	169
2005070	794	854
2005071	160	555
2005072	007	595
2005073	871	458
2005074	416	058
2005075	004	144
2005076	782	053
2005077	405	944
2005078	607	969
2005079	351	295
2005080	116	553
2005081	112	808
2005082	055	212
2005083	982	666
2005084	612	880
2005085	646	416
2005086	931	228
2005087	593	157
2005088	957	571
2005089	742	885
2005090	449	217
2005091	567	115
2005092	385	816
2005093	117	660
2005094	620	171
2005095	251	022
2005096	340	606
2005097	382	665
2005098	243	063
2005099	274	422
2005100	138	549
2005101	117	307
2005102	194	671
2005103	010	045
2005104	228	869
2005105	106	240
2005106	929	669
2005107	541	609
2005108	678	203
2005109	799	630
2005110	568	851
2005111	274	079
2005112	948	529
2005113	005	380
2005114	503	367
2005115	333	880
2005116	671	830
2005117	669	130
2005118	002	916
2005119	798	102
2005120	375	502
2005121	110	053
2005122	723	275
2005123	501	034
2005124	745	333
2005125	345	005
2005126	444	594
2005127	249	482
2005128	804	596
2005129	101	573
2005130	066	131
2005131	704	796
2005132	937	180
2005133	915	964
2005134	051	899
2005135	783	936
2005136	405	489
2005137	280	052
2005138	110	167
2005139	329	667
2005140	724	572
2005141	238	663
2005142	332	306
2005143	081	105
2005144	154	494
2005145	396	943
2005146	496	477
2005147	088	965
2005148	146	168
2005149	049	774
2005150	322	950
2005151	276	312
2005152	924	949
2005153	754	369
2005154	710	319
2005155	490	749
2005156	934	430
2005157	122	590
2005158	009	060
2005159	854	996
2005160	025	791
2005161	620	488
2005162	190	516
2005163	222	586
2005164	185	361
2005165	302	249
2005166	000	775
2005167	415	300
2005168	608	664
2005169	101	238
2005170	881	214
2005171	424	558
2005172	206	370
2005173	769	791
2005174	828	609
2005175	329	813
2005176	392	517
2005177	854	251
2005178	014	075
2005179	789	123
2005180	694	268
2005181	663	073
2005182	734	433
2005183	563	153
2005184	819	918
2005185	902	810
2005186	743	756
2005187	921	332
2005188	002	818
2005189	435	927
2005190	312	322
2005191	779	798
2005192	738	353
2005193	323	710
2005194	730	842
2005195	659	830
2005196	600	654
2005197	549	734
2005198	423	328
2005199	568	214
2005200	656	667
2005201	415	380
2005202	162	612
2005203	228	877
2005204	351	073
2005205	265	164
2005206	912	859
2005207	030	129
2005208	164	598
2005209	579	166
2005210	942	074
2005211	897	404
2005212	192	994
2005213	303	424
2005214	294	961
2005215	007	002
2005216	942	951
2005217	691	964
2005218	663	892
2005219	735	013
2005220	462	158
2005221	257	989
2005222	840	788
2005223	484	807
2005224	506	794
2005225	984	260
2005226	836	603
2005227	567	455
2005228	730	209
2005229	930	139
2005230	023	483
2005231	292	630
2005232	245	175
2005233	184	933
2005234	516	890
2005235	520	134
2005236	002	495
2005237	598	767
2005238	499	018
2005239	810	901
2005240	981	871
2005241	371	126
2005242	294	592
2005243	512	103
2005244	518	331
2005245	635	977
2005246	167	519
2005247	554	574
2005248	649	900
2005249	359	692
2005250	962	434
2005251	839	506
2005252	952	557
2005253	154	163
2005254	145	425
2005255	925	041
2005256	787	751
2005257	808	285
2005258	806	894
2005259	615	348
2005260	602	158
2005261	864	542
2005262	086	203
2005263	963	617
2005264	215	393
2005265	003	336
2005266	175	952
2005267	691	316
2005268	946	927
2005269	604	940
2005270	584	396
2005271	587	528
2005272	910	290
2005273	032	209
2005274	401	262
2005275	438	925
2005276	403	783
2005277	263	059
2005278	006	149
2005279	508	714
2005280	261	041
2005281	567	762
2005282	820	271
2005283	606	214
2005284	700	220
2005285	126	478
2005286	461	516
2005287	462	335
2005288	556	185
2005289	454	028
2005290	069	823
2005291	568	227
2005292	927	428
2005293	168	455
2005294	837	833
2005295	762	914
2005296	990	531
2005297	357	753
2005298	794	713
2005299	013	138
2005300	736	895
2005301	097	650
2005302	475	456
2005303	765	540
2005304	431	332
2005305	076	806
2005306	327	550
2005307	696	598
2005308	305	868
2005309	003	699
2005310	155	288
2005311	421	809
2005312	711	313
2005313	751	789
2005314	414	705
2005315	670	198
2005316	288	272
2005317	269	851
2005318	437	793
2005319	162	369
2005320	249	922
2005321	804	024
2005322	335	583
2005323	051	162
2005324	912	139
2005325	764	212
2005326	962	874
2005327	218	097
2005328	634	009
2005329	970	900
2005330	176	905
2005331	820	176
2005332	046	208
2005333	694	540
2005334	478	827
2005335	196	218
2005336	212	248
2005337	582	539
2005338	494	493
2005339	629	437
2005340	041	998
2005341	692	467
2005342	730	864
2005343	299	895
2005344	356	381
2005345	120	924
2005346	632	139
2005347	682	272
2005348	441	038
2005349	100	014
2005350	473	969
2005351	843	173
2005352	881	540
2005353	834	536
2005354	612	726
2005355	817	468
2005356	129	681
2005357	719	429
2005358	665	842
2006001	600	160
2006002	224	110
2006003	439	229
2006004	371	614
2006005	086	877
2006006	485	713
2006007	027	746
2006008	815	179
2006009	373	349
2006010	740	624
2006011	142	634
2006012	671	098
2006013	795	848
2006014	749	400
2006015	124	800
2006016	807	481
2006017	034	878
2006018	565	884
2006019	221	497
2006020	624	661
2006021	083	051
2006022	287	900
2006023	247	515
2006024	017	686
2006025	216	141
2006026	690	497
2006027	581	460
2006028	412	028
2006029	063	403
2006030	202	964
2006031	047	409
2006032	839	930
2006033	803	667
2006034	566	314
2006035	822	848
2006036	039	891
2006037	359	697
2006038	432	715
2006039	695	446
2006040	762	463
2006041	945	594
2006042	443	710
2006043	143	116
2006044	248	069
2006045	435	846
2006046	562	021
2006047	719	469
2006048	610	138
2006049	517	566
2006050	489	153
2006051	699	225
2006052	489	771
2006053	291	306
2006054	652	835
2006055	625	576
2006056	446	777
2006057	662	666
2006058	522	128
2006059	856	052
2006060	660	985
2006061	788	309
2006062	821	708
2006063	917	817
2006064	303	936
2006065	083	542
2006066	395	277
2006067	549	305
2006068	591	490
2006069	286	396
2006070	047	929
2006071	004	130
2006072	681	419
2006073	353	731
2006074	422	306
2006075	831	274
2006076	687	401
2006077	936	715
2006078	119	321
2006079	292	403
2006080	922	802
2006081	098	976
2006082	517	967
2006083	887	761
2006084	318	737
2006085	977	294
2006086	047	756
2006087	304	160
2006088	042	960
2006089	781	910
2006090	332	467
2006091	055	101
2006092	591	175
2006093	983	605
2006094	005	304
2006095	339	237
2006096	499	149
2006097	727	823
2006098	064	203
2006099	039	596
2006100	797	661
2006101	218	708
2006102	693	040
2006103	448	455
2006104	488	923
2006105	301	883
2006106	366	478
2006107	570	086
2006108	544	008
2006109	207	860
2006110	200	724
2006111	631	594
2006112	648	440
2006113	992	086
2006114	827	913
2006115	143	442
2006116	752	052
2006117	206	332
2006118	497	355
2006119	247	454
2006120	482	166
2006121	817	217
2006122	302	940
2006123	584	084
2006124	657	812
2006125	386	711
2006126	297	133
2006127	755	931
2006128	201	858
2006129	934	880
2006130	238	036
2006131	086	999
2006132	881	714
2006133	402	015
2006134	545	292
2006135	698	171
2006136	155	141
2006137	422	351
2006138	693	128
2006139	021	462
2006140	635	363
2006141	601	688
2006142	390	435
2006143	090	582
2006144	520	626
2006145	499	384
2006146	751	364
2006147	149	195
2006148	310	654
2006149	861	286
2006150	991	848
2006151	728	209
2006152	207	377
2006153	975	014
2006154	406	960
2006155	994	031
2006156	248	134
2006157	521	892
2006158	466	275
2006159	607	072
2006160	311	803
2006161	148	075
2006162	718	348
2006163	235	368
2006164	462	132
2006165	732	127
2006166	094	426
2006167	604	095
2006168	179	519
2006169	445	690
2006170	302	407
2006171	544	114
2006172	318	050
2006173	935	900
2006174	715	357
2006175	337	083
2006176	405	361
2006177	953	867
2006178	539	577
2006179	644	692
2006180	436	207
2006181	705	708
2006182	871	949
2006183	765	553
2006184	214	608
2006185	280	596
2006186	943	215
2006187	489	410
2006188	437	363
2006189	429	404
2006190	249	453
2006191	767	589
2006192	522	211
2006193	879	751
2006194	970	510
2006195	508	995
2006196	738	328
2006197	115	870
2006198	893	001
2006199	737	241
2006200	638	673
2006201	367	982
2006202	719	842
2006203	626	539
2006204	029	820
2006205	622	601
2006206	979	557
2006207	105	377
2006208	814	138
2006209	258	450
2006210	842	085
2006211	128	330
2006212	003	683
2006213	648	126
2006214	763	666
2006215	442	663
2006216	758	334
2006217	986	795
2006218	871	440
2006219	348	790
2006220	432	253
2006221	275	479
2006222	676	718
2006223	450	748
2006224	714	039
2006225	586	340
2006226	643	685
2006227	896	850
2006228	296	559
2006229	059	772
2006230	479	279
2006231	223	645
2006232	909	727
2006233	747	994
2006234	581	666
2006235	685	315
2006236	642	251
2006237	591	683
2006238	863	165
2006239	550	874
2006240	535	072
2006241	883	321
2006242	757	433
2006243	345	435
2006244	193	076
2006245	081	568
2006246	975	410
2006247	968	523
2006248	901	998
2006249	722	448
2006250	015	411
2006251	208	474
2006252	795	068
2006253	927	310
2006254	870	023
2006255	264	501
2006256	730	266
2006257	347	184
2006258	035	158
2006259	746	110
2006260	864	241
2006261	636	473
2006262	615	457
2006263	308	541
2006264	828	520
2006265	732	143
2006266	113	973
2006267	503	691
2006268	859	440
2006269	651	537
2006270	934	083
2006271	413	492
2006272	469	857
2006273	321	849
2006274	110	426
2006275	698	576
2006276	600	935
2006277	459	992
2006278	404	793
2006279	643	146
2006280	098	050
2006281	228	981
2006282	323	043
2006283	016	131
2006284	712	160
2006285	056	342
2006286	815	921
2006287	991	791
2006288	341	316
2006289	775	244
2006290	602	918
2006291	435	671
2006292	110	566
2006293	686	452
2006294	401	152
2006295	307	219
2006296	962	519
2006297	815	308
2006298	180	363
2006299	390	736
2006300	654	846
2006301	240	865
2006302	042	237
2006303	589	677
2006304	763	517
2006305	719	041
2006306	929	417
2006307	109	640
2006308	273	175
2006309	523	807
2006310	840	958
2006311	539	242
2006312	702	689
2006313	671	300
2006314	500	783
2006315	323	064
2006316	154	851
2006317	771	300
2006318	641	503
2006319	481	164
2006320	413	904
2006321	914	641
2006322	344	959
2006323	478	019
2006324	165	147
2006325	267	039
2006326	826	189
2006327	514	683
2006328	581	960
2006329	682	863
2006330	205	455
2006331	753	140
2006332	019	365
2006333	868	173
2006334	332	182
2006335	596	977
2006336	432	460
2006337	937	900
2006338	264	447
2006339	079	638
2006340	966	790
2006341	446	047
2006342	932	695
2006343	161	539
2006344	216	948
2006345	111	676
2006346	208	760
2006347	459	569
2006348	435	644
2006349	670	415
2006350	998	802
2006351	770	509
2006352	181	939
2006353	883	503
2006354	922	283
2006355	036	827
2006356	911	623
2006357	578	015
2007001	076	019
2007002	886	484
2007003	546	733
2007004	141	313
2007005	423	736
2007006	881	255
2007007	604	459
2007008	368	558
2007009	189	504
2007010	623	735
2007011	996	193
2007012	612	035
2007013	312	550
2007014	727	814
2007015	991	916
2007016	921	441
2007017	759	956
2007018	258	529
2007019	790	652
2007020	707	481
2007021	783	577
2007022	978	305
2007023	330	581
2007024	802	296
2007025	173	392
2007026	398	344
2007027	482	790
2007028	954	748
2007029	722	575
2007030	863	747
2007031	658	975
2007032	351	551
2007033	950	928
2007034	135	414
2007035	255	409
2007036	583	485
2007037	759	570
2007038	462	195
2007039	958	712
2007040	859	212
2007041	584	359
2007042	804	393
2007043	151	321
2007044	703	522
2007045	279	400
2007046	196	208
2007047	310	304
2007048	855	418
2007049	226	363
2007050	308	951
2007051	884	892
2007052	960	899
2007053	960	078
2007054	859	204
2007055	571	656
2007056	535	403
2007057	457	668
2007058	793	295
2007059	714	029
2007060	683	987
2007061	591	144
2007062	697	775
2007063	822	326
2007064	484	617
2007065	471	500
2007066	943	889
2007067	813	016
2007068	369	691
2007069	972	683
2007070	804	163
2007071	014	394
2007072	768	914
2007073	938	977
2007074	370	745
2007075	962	071
2007076	569	399
2007077	208	623
2007078	578	666
2007079	424	710
2007080	747	379
2007081	926	827
2007082	979	942
2007083	196	180
2007084	162	811
2007085	397	687
2007086	011	574
2007087	605	905
2007088	678	258
2007089	929	589
2007090	129	071
2007091	685	779
2007092	143	958
2007093	419	368
2007094	992	415
2007095	306	074
2007096	951	845
2007097	350	755
2007098	604	006
2007099	463	304
2007100	193	488
2007101	810	418
2007102	171	245
2007103	905	671
2007104	244	130
2007105	904	177
2007106	319	642
2007107	130	529
2007108	549	653
2007109	000	602
2007110	000	630
2007111	741	296
2007112	285	579
2007113	931	324
2007114	810	810
2007115	926	717
2007116	931	144
2007117	209	209
2007118	400	400
2007119	968	225
2007120	735	735
2007121	992	831
2007122	881	904
2007123	790	790
2007124	518	518
2007125	697	045
2007126	912	425
2007127	034	066
2007128	809	746
2007129	180	952
2007130	710	468
2007131	859	342
2007132	891	724
2007133	551	218
2007134	383	152
2007135	859	762
2007136	084	257
2007137	131	400
2007138	526	190
2007139	843	291
2007140	915	655
2007141	560	731
2007142	042	470
2007143	902	759
2007144	438	391
2007145	292	119
2007146	352	951
2007147	305	336
2007148	226	806
2007149	263	009
2007150	146	505
2007151	529	885
2007152	254	948
2007153	724	321
2007154	267	775
2007155	732	481
2007156	863	859
2007157	370	602
2007158	874	636
2007159	999	012
2007160	015	225
2007161	929	443
2007162	241	407
2007163	353	094
2007164	229	179
2007165	736	073
2007166	409	581
2007167	792	085
2007168	257	539
2007169	019	404
2007170	468	669
2007171	892	772
2007172	476	503
2007173	093	734
2007174	702	212
2007175	311	942
2007176	402	811
2007177	864	848
2007178	748	989
2007179	949	269
2007180	792	701
2007181	400	417
2007182	532	518
2007183	327	480
2007184	947	998
2007185	033	662
2007186	201	208
2007187	590	451
2007188	763	774
2007189	046	505
2007190	198	488
2007191	836	603
2007192	207	014
2007193	592	818
2007194	330	154
2007195	371	537
2007196	012	030
2007197	606	024
2007198	928	942
2007199	717	289
2007200	922	818
2007201	090	284
2007202	559	274
2007203	026	384
2007204	565	033
2007205	089	153
2007206	081	511
2007207	915	828
2007208	350	746
2007209	068	607
2007210	578	476
2007211	598	755
2007212	270	319
2007213	206	138
2007214	885	513
2007215	483	644
2007216	208	492
2007217	006	037
2007218	292	590
2007219	817	862
2007220	928	263
2007221	470	611
2007222	588	801
2007223	172	687
2007224	522	830
2007225	608	592
2007226	794	585
2007227	904	420
2007228	548	141
2007229	626	584
2007230	474	021
2007231	953	482
2007232	280	739
2007233	146	855
2007234	986	302
2007235	989	358
2007236	987	552
2007237	347	047
2007238	383	193
2007239	334	323
2007240	268	675
2007241	686	398
2007242	358	117
2007243	442	492
2007244	208	095
2007245	525	062
2007246	852	884
2007247	224	393
2007248	423	119
2007249	019	360
2007250	890	706
2007251	588	941
2007252	435	882
2007253	053	573
2007254	611	981
2007255	909	692
2007256	242	952
2007257	197	373
2007258	934	173
2007259	773	649
2007260	102	268
2007261	708	235
2007262	277	062
2007263	321	217
2007264	509	696
2007265	794	432
2007266	281	547
2007267	087	838
2007268	901	493
2007269	931	825
2007270	112	781
2007271	256	453
2007272	586	466
2007273	169	052
2007274	121	817
2007275	892	866
2007276	853	669
2007277	708	814
2007278	021	615
2007279	664	498
2007280	362	891
2007281	978	728
2007282	466	631
2007283	279	417
2007284	288	473
2007285	764	301
2007286	078	188
2007287	031	356
2007288	093	573
2007289	948	861
2007290	593	736
2007291	867	661
2007292	929	732
2007293	595	321
2007294	683	605
2007295	150	666
2007296	540	519
2007297	906	947
2007298	175	545
2007299	245	664
2007300	082	908
2007301	998	364
2007302	599	110
2007303	816	700
2007304	757	338
2007305	332	511
2007306	528	507
2007307	569	749
2007308	412	627
2007309	022	334
2007310	454	960
2007311	127	013
2007312	781	784
2007313	210	196
2007314	239	343
2007315	256	816
2007316	163	430
2007317	666	214
2007318	573	125
2007319	963	051
2007320	718	924
2007321	651	494
2007322	118	349
2007323	900	331
2007324	761	112
2007325	776	674
2007326	628	558
2007327	805	423
2007328	093	545
2007329	311	732
2007330	924	124
2007331	712	535
2007332	053	913
2007333	721	284
2007334	824	119
2007335	905	747
2007336	520	785
2007337	045	399
2007338	013	856
2007339	177	450
2007340	646	105
2007341	753	667
2007342	957	606
2007343	926	852
2007344	382	675
2007345	554	476
2007346	692	793
2007347	034	279
2007348	105	992
2007349	602	522
2007350	652	889
2007351	490	558
2007352	678	798
2007353	887	377
2007354	057	239
2007355	843	129
2007356	810	831
2007357	113	495
2008001	231	346
2008002	010	790
2008003	964	353
2008004	952	094
2008005	368	517
2008006	431	020
2008007	484	302
2008008	595	149
2008009	911	030
2008010	516	765
2008011	926	380
2008012	546	153
2008013	596	369
2008014	753	616
2008015	284	448
2008016	758	954
2008017	332	950
2008018	098	793
2008019	281	573
2008020	604	745
2008021	816	999
2008022	349	254
2008023	166	112
2008024	377	016
2008025	519	960
2008026	480	088
2008027	960	825
2008028	354	674
2008029	820	562
2008030	118	984
2008031	712	136
2008032	494	183
2008033	963	505
2008034	762	807
2008035	138	570
2008036	256	320
2008037	585	149
2008038	637	312
2008039	400	372
2008040	783	898
2008041	871	125
2008042	144	266
2008043	044	320
2008044	869	149
2008045	672	930
2008046	720	179
2008047	021	230
2008048	766	308
2008049	005	403
2008050	682	428
2008051	491	363
2008052	119	690
2008053	653	156
2008054	369	132
2008055	235	828
2008056	459	830
2008057	865	172
2008058	770	802
2008059	817	793
2008060	574	570
2008061	618	543
2008062	112	933
2008063	886	544
2008064	698	898
2008065	367	738
2008066	642	857
2008067	919	662
2008068	346	249
2008069	759	437
2008070	692	612
2008071	789	303
2008072	785	268
2008073	605	816
2008074	445	400
2008075	436	706
2008076	938	457
2008077	333	475
2008078	350	014
2008079	679	022
2008080	315	357
2008081	394	026
2008082	814	659
2008083	289	669
2008084	102	979
2008085	697	081
2008086	462	407
2008087	683	409
2008088	068	322
2008089	209	042
2008090	733	159
2008091	433	160
2008092	012	418
2008093	282	148
2008094	358	144
2008095	148	979
2008096	352	382
2008097	736	836
2008098	654	040
2008099	649	154
2008100	236	626
2008101	563	934
2008102	342	945
2008103	798	000
2008104	028	300
2008105	424	492
2008106	794	653
2008107	437	624
2008108	634	199
2008109	761	918
2008110	233	464
2008111	539	469
2008112	939	154
2008113	949	102
2008114	230	274
2008115	496	327
2008116	061	560
2008117	022	032
2008118	541	442
2008119	433	408
2008120	305	487
2008121	413	904
2008122	526	197
2008123	296	545
2008124	091	781
2008125	526	422
2008126	096	610
2008127	365	560
2008128	451	385
2008129	242	931
2008130	816	466
2008131	646	817
2008132	637	228
2008133	447	082
2008134	786	721
2008135	106	416
2008136	324	226
2008137	855	427
2008138	958	364
2008139	170	179
2008140	143	303
2008141	231	180
2008142	717	938
2008143	624	640
2008144	208	971
2008145	471	064
2008146	592	028
2008147	561	831
2008148	638	925
2008149	450	083
2008150	055	625
2008151	315	724
2008152	184	590
2008153	718	067
2008154	483	869
2008155	729	717
2008156	337	985
2008157	513	788
2008158	419	386
2008159	305	752
2008160	009	747
2008161	917	273
2008162	308	132
2008163	141	151
2008164	274	057
2008165	361	307
2008166	498	128
2008167	985	242
2008168	332	680
2008169	928	923
2008170	085	371
2008171	018	959
2008172	824	419
2008173	198	597
2008174	338	553
2008175	388	470
2008176	124	674
2008177	498	448
2008178	587	615
2008179	557	049
2008180	743	667
2008181	220	001
2008182	958	865
2008183	363	085
2008184	265	589
2008185	847	697
2008186	834	152
2008187	783	374
2008188	744	413
2008189	975	409
2008190	972	340
2008191	524	950
2008192	476	524
2008193	157	103
2008194	337	840
2008195	461	409
2008196	871	161
2008197	439	964
2008198	286	979
2008199	060	164
2008200	598	465
2008201	539	458
2008202	505	156
2008203	097	563
2008204	540	799
2008205	869	681
2008206	073	683
2008207	583	647
2008208	795	833
2008209	769	914
2008210	464	458
2008211	758	280
2008212	357	640
2008213	785	728
2008214	160	864
2008215	188	015
2008216	762	166
2008217	456	962
2008218	660	884
2008219	907	751
2008220	051	213
2008221	966	529
2008222	483	636
2008223	021	934
2008224	450	525
2008225	968	032
2008226	665	837
2008227	338	167
2008228	741	661
2008229	159	604
2008230	786	913
2008231	941	395
2008232	792	132
2008233	407	766
2008234	455	076
2008235	541	837
2008236	733	622
2008237	760	699
2008238	722	223
2008239	596	538
2008240	771	431
2008241	568	107
2008242	047	725
2008243	115	647
2008244	003	000
2008245	834	750
2008246	407	931
2008247	791	896
2008248	593	795
2008249	629	914
2008250	976	369
2008251	945	404
2008252	468	050
2008253	967	337
2008254	811	928
2008255	151	182
2008256	932	055
2008257	068	190
2008258	885	201
2008259	737	528
2008260	779	002
2008261	263	223
2008262	467	032
2008263	567	700
2008264	713	268
2008265	254	489
2008266	276	309
2008267	711	210
2008268	415	768
2008269	659	980
2008270	226	186
2008271	440	816
2008272	886	815
2008273	599	409
2008274	872	922
2008275	608	020
2008276	752	891
2008277	973	560
2008278	142	786
2008279	915	896
2008280	137	234
2008281	584	766
2008282	267	579
2008283	613	315
2008284	574	549
2008285	515	547
2008286	290	209
2008287	399	794
2008288	693	836
2008289	285	045
2008290	354	144
2008291	280	997
2008292	940	819
2008293	920	905
2008294	369	835
2008295	619	808
2008296	882	320
2008297	136	749
2008298	833	107
2008299	068	104
2008300	874	794
2008301	741	294
2008302	723	424
2008303	302	971
2008304	012	525
2008305	017	679
2008306	167	764
2008307	069	843
2008308	691	172
2008309	434	867
2008310	876	967
2008311	277	518
2008312	225	633
2008313	887	178
2008314	742	518
2008315	534	548
2008316	341	493
2008317	019	000
2008318	019	096
2008319	198	003
2008320	702	053
2008321	307	535
2008322	745	355
2008323	467	106
2008324	433	991
2008325	063	811
2008326	220	502
2008327	934	213
2008328	564	440
2008329	827	052
2008330	388	007
2008331	814	368
2008332	120	433
2008333	168	398
2008334	859	736
2008335	634	187
2008336	567	687
2008337	128	915
2008338	246	071
2008339	115	452
2008340	598	342
2008341	595	699
2008342	405	368
2008343	547	541
2008344	070	119
2008345	864	393
2008346	031	982
2008347	448	807
2008348	949	014
2008349	001	400
2008350	893	364
2008351	198	055
2008352	010	632
2008353	069	813
2008354	720	801
2008355	335	820
2008356	857	363
2008357	980	475
2008358	035	159
2008359	435	927
2009001	705	671
2009002	129	754
2009003	827	438
2009004	461	951
2009005	867	499
2009006	300	037
2009007	506	916
2009008	128	196
2009009	877	047
2009010	723	397
2009011	597	403
2009012	328	157
2009013	071	626
2009014	047	434
2009015	310	869
2009016	298	304
2009017	139	740
2009018	177	334
2009019	066	514
2009020	435	328
2009021	678	135
2009022	966	358
2009023	627	344
2009024	708	429
2009025	041	141
2009026	036	384
2009027	767	298
2009028	671	506
2009029	269	918
2009030	565	785
2009031	490	529
2009032	263	194
2009033	464	444
2009034	597	767
2009035	140	514
2009036	364	236
2009037	481	147
2009038	338	540
2009039	519	897
2009040	606	440
2009041	483	968
2009042	813	140
2009043	659	268
2009044	959	737
2009045	183	375
2009046	327	989
2009047	086	393
2009048	807	939
2009049	568	834
2009050	458	508
2009051	517	416
2009052	890	389
2009053	966	645
2009054	275	698
2009055	616	567
2009056	482	652
2009057	492	658
2009058	741	208
2009059	122	359
2009060	241	774
2009061	559	207
2009062	855	443
2009063	470	994
2009064	555	661
2009065	160	055
2009066	347	665
2009067	360	016
2009068	067	718
2009069	621	085
2009070	682	351
2009071	452	047
2009072	922	821
2009073	284	303
2009074	710	328
2009075	229	999
2009076	198	988
2009077	465	576
2009078	830	558
2009079	359	892
2009080	825	530
2009081	583	456
2009082	587	376
2009083	871	877
2009084	908	076
2009085	969	852
2009086	234	161
2009087	706	821
2009088	536	809
2009089	100	046
2009090	960	003
2009091	062	851
2009092	079	085
2009093	473	069
2009094	313	290
2009095	108	792
2009096	455	402
2009097	594	474
2009098	687	937
2009099	752	436
2009100	752	585
2009101	201	485
2009102	195	197
2009103	156	730
2009104	679	515
2009105	993	691
2009106	526	580
2009107	849	985
2009108	627	207
2009109	984	832
2009110	592	603
2009111	347	645
2009112	736	477
2009113	967	705
2009114	328	359
2009115	967	048
2009116	326	192
2009117	320	505
2009118	181	663
2009119	072	146
2009120	222	301
2009121	067	181
2009122	741	431
2009123	841	992
2009124	360	223
2009125	001	644
2009126	559	736
2009127	780	539
2009128	840	974
2009129	330	056
2009130	932	269
2009131	220	373
2009132	900	832
2009133	084	419
2009134	015	986
2009135	046	722
2009136	094	570
2009137	793	302
2009138	998	890
2009139	123	412
2009140	836	731
2009141	027	938
2009142	789	218
2009143	732	221
2009144	199	097
2009145	703	110
2009146	188	714
2009147	367	566
2009148	283	831
2009149	066	063
2009150	332	719
2009151	470	453
2009152	900	572
2009153	319	389
2009154	542	351
2009155	728	188
2009156	723	841
2009157	813	508
2009158	449	139
2009159	568	037
2009160	781	627
2009161	978	048
2009162	175	995
2009163	151	838
2009164	655	147
2009165	520	354
2009166	216	209
2009167	589	817
2009168	653	565
2009169	166	475
2009170	483	446
2009171	077	200
2009172	598	919
2009173	721	713
2009174	463	965
2009175	283	586
2009176	997	551
2009177	121	059
2009178	272	247
2009179	071	362
2009180	177	035
2009181	337	500
2009182	506	288
2009183	122	696
2009184	180	623
2009185	344	845
2009186	090	017
2009187	991	510
2009188	330	911
2009189	068	281
2009190	049	534
2009191	293	640
2009192	153	669
2009193	317	348
2009194	439	214
2009195	659	279
2009196	425	468
2009197	066	889
2009198	304	298
2009199	534	612
2009200	493	823
2009201	320	188
2009202	191	230
2009203	412	830
2009204	485	062
2009205	699	083
2009206	243	284
2009207	855	367
2009208	059	013
2009209	849	154
2009210	339	304
2009211	730	681
2009212	916	642
2009213	053	567
2009214	984	239
2009215	861	318
2009216	690	648
2009217	835	685
2009218	077	061
2009219	153	822
2009220	887	317
2009221	880	856
2009222	976	761
2009223	920	740
2009224	289	176
2009225	538	438
2009226	359	457
2009227	785	244
2009228	764	738
2009229	981	597
2009230	751	772
2009231	734	127
2009232	531	438
2009233	111	807
2009234	494	073
2009235	980	063
2009236	222	323
2009237	082	844
2009238	873	963
2009239	377	173
2009240	322	299
2009241	718	773
2009242	188	156
2009243	484	695
2009244	232	423
2009245	477	454
2009246	185	751
2009247	849	804
2009248	225	412
2009249	602	550
2009250	900	319
2009251	220	587
2009252	101	399
2009253	970	707
2009254	013	008
2009255	759	906
2009256	032	860
2009257	585	839
2009258	943	549
2009259	758	666
2009260	143	423
2009261	367	398
2009262	108	790
2009263	921	292
2009264	746	345
2009265	925	869
2009266	756	894
2009267	236	937
2009268	749	480
2009269	039	430
2009270	694	759
2009271	018	335
2009272	957	566
2009273	483	095
2009274	547	593
2009275	123	615
2009276	906	608
2009277	034	940
2009278	627	367
2009279	086	684
2009280	340	956
2009281	836	459
2009282	517	850
2009283	800	161
2009284	268	654
2009285	685	911
2009286	273	349
2009287	094	056
2009288	074	490
2009289	601	344
2009290	368	004
2009291	160	879
2009292	308	374
2009293	266	779
2009294	052	960
2009295	527	672
2009296	239	591
2009297	913	729
2009298	043	310
2009299	826	880
2009300	339	744
2009301	317	669
2009302	619	849
2009303	238	610
2009304	623	552
2009305	562	640
2009306	386	583
2009307	574	551
2009308	714	030
2009309	708	818
2009310	162	965
2009311	576	789
2009312	817	817
2009313	156	663
2009314	523	789
2009315	496	581
2009316	093	073
2009317	476	480
2009318	751	607
2009319	895	633
2009320	561	692
2009321	104	081
2009322	334	827
2009323	933	003
2009324	228	942
2009325	460	879
2009326	648	950
2009327	063	554
2009328	585	402
2009329	089	844
2009330	347	607
2009331	056	915
2009332	783	897
2009333	152	336
2009334	747	519
2009335	778	877
2009336	459	918
2009337	658	752
2009338	027	634
2009339	084	638
2009340	710	159
2009341	360	654
2009342	862	587
2009343	158	876
2009344	266	292
2009345	889	691
2009346	318	603
2009347	031	016
2009348	207	578
2009349	657	721
2009350	931	052
2009351	032	645
2009352	632	374
2009353	829	308
2009354	482	454
2009355	210	566
2009356	366	712
2009357	144	837
2009358	341	670
2010001	139	591
2010002	370	938
2010003	732	610
2010004	611	496
2010005	574	927
2010006	365	560
2010007	156	281
2010008	525	397
2010009	779	109
2010010	707	875
2010011	933	115
2010012	262	426
2010013	593	969
2010014	777	196
2010015	148	827
2010016	301	111
2010017	237	483
2010018	881	829
2010019	411	260
2010020	498	924
2010021	826	714
2010022	188	217
2010023	709	528
2010024	418	773
2010025	356	858
2010026	616	677
2010027	760	353
2010028	943	740
2010029	892	910
2010030	221	394
2010031	119	514
2010032	469	393
2010033	745	974
2010034	111	075
2010035	151	927
2010036	772	903
2010037	845	474
2010038	903	041
2010039	732	882
2010040	613	072
2010041	864	538
2010042	275	214
2010043	613	357
2010044	588	821
2010045	452	988
2010046	827	796
2010047	131	093
2010048	087	516
2010049	087	423
2010050	163	314
2010051	799	465
2010052	275	065
2010053	129	494
2010054	990	113
2010055	067	131
2010056	766	759
2010057	627	317
2010058	933	023
2010059	901	181
2010060	034	290
2010061	161	397
2010062	615	513
2010063	041	784
2010064	844	706
2010065	057	943
2010066	253	213
2010067	545	305
2010068	067	125
2010069	705	101
2010070	695	174
2010071	449	949
2010072	286	822
2010073	450	932
2010074	992	010
2010075	142	407
2010076	579	349
2010077	426	176
2010078	096	114
2010079	791	843
2010080	772	568
2010081	061	975
2010082	340	719
2010083	333	476
2010084	939	559
2010085	427	972
2010086	545	383
2010087	288	671
2010088	210	470
2010089	440	149
2010090	438	954
2010091	375	913
2010092	747	228
2010093	545	144
2010094	325	848
2010095	331	338
2010096	152	760
2010097	717	893
2010098	178	242
2010099	930	217
2010100	053	732
2010101	454	257
2010102	532	872
2010103	904	081
2010104	624	465
2010105	385	190
2010106	883	342
2010107	302	232
2010108	286	841
2010109	474	027
2010110	869	763
2010111	903	185
2010112	517	263
2010113	001	414
2010114	325	409
2010115	943	938
2010116	598	643
2010117	594	749
2010118	449	105
2010119	294	941
2010120	058	855
2010121	013	056
2010122	077	768
2010123	692	235
2010124	946	743
2010125	668	019
2010126	783	827
2010127	542	077
2010128	132	082
2010129	957	929
2010130	180	020
2010131	249	761
2010132	826	591
2010133	794	086
2010134	310	879
2010135	216	634
2010136	074	076
2010137	412	954
2010138	572	873
2010139	182	156
2010140	017	810
2010141	067	190
2010142	557	232
2010143	873	776
2010144	196	337
2010145	036	667
2010146	164	135
2010147	142	106
2010148	170	268
2010149	819	637
2010150	043	641
2010151	758	304
2010152	705	882
2010153	271	000
2010154	679	207
2010155	586	286
2010156	529	836
2010157	410	852
2010158	102	332
2010159	772	056
2010160	968	161
2010161	017	310
2010162	896	450
2010163	484	820
2010164	264	022
2010165	141	057
2010166	199	503
2010167	557	528
2010168	794	898
2010169	226	861
2010170	170	059
2010171	484	119
2010172	777	147
2010173	049	062
2010174	752	756
2010175	895	345
2010176	355	001
2010177	599	289
2010178	580	176
2010179	046	760
2010180	858	526
2010181	391	379
2010182	982	266
2010183	260	350
2010184	331	837
2010185	898	427
2010186	304	701
2010187	389	019
2010188	681	247
2010189	207	674
2010190	094	935
2010191	080	432
2010192	636	168
2010193	062	623
2010194	981	277
2010195	281	650
2010196	426	948
2010197	863	787
2010198	146	312
2010199	972	486
2010200	354	493
2010201	266	700
2010202	018	041
2010203	633	485
2010204	648	535
2010205	344	132
2010206	232	838
2010207	432	468
2010208	855	248
2010209	354	801
2010210	822	828
2010211	982	249
2010212	398	097
2010213	428	720
2010214	205	666
2010215	249	878
2010216	109	688
2010217	561	642
2010218	392	715
2010219	681	748
2010220	316	672
2010221	047	478
2010222	423	130
2010223	600	744
2010224	280	252
2010225	162	068
2010226	725	434
2010227	037	259
2010228	191	519
2010229	633	764
2010230	544	248
2010231	085	613
2010232	823	379
2010233	738	575
2010234	187	354
2010235	373	007
2010236	147	671
2010237	893	175
2010238	866	171
2010239	069	901
2010240	874	402
2010241	113	612
2010242	884	803
2010243	525	280
2010244	252	457
2010245	322	043
2010246	994	535
2010247	631	075
2010248	614	463
2010249	153	692
2010250	594	267
2010251	169	340
2010252	457	665
2010253	533	945
2010254	582	945
2010255	494	914
2010256	905	775
2010257	755	021
2010258	480	557
2010259	547	162
2010260	585	823
2010261	971	794
2010262	606	240
2010263	194	413
2010264	330	178
2010265	760	199
2010266	117	743
2010267	108	036
2010268	324	419
2010269	865	270
2010270	560	897
2010271	227	660
2010272	584	320
2010273	369	815
2010274	406	794
2010275	066	686
2010276	629	665
2010277	320	016
2010278	880	127
2010279	683	407
2010280	559	199
2010281	600	551
2010282	960	144
2010283	342	303
2010284	172	140
2010285	079	016
2010286	288	501
2010287	052	071
2010288	040	916
2010289	231	771
2010290	640	770
2010291	524	129
2010292	668	291
2010293	392	074
2010294	647	090
2010295	813	798
2010296	995	713
2010297	144	374
2010298	058	975
2010299	568	216
2010300	649	084
2010301	464	965
2010302	976	621
2010303	700	449
2010304	006	340
2010305	190	513
2010306	705	642
2010307	480	442
2010308	826	498
2010309	819	377
2010310	640	017
2010311	541	371
2010312	400	970
2010313	935	586
2010314	092	573
2010315	888	855
2010316	852	111
2010317	910	670
2010318	993	050
2010319	477	605
2010320	987	345
2010321	749	608
2010322	260	578
2010323	105	280
2010324	329	298
2010325	948	809
2010326	957	006
2010327	932	506
2010328	605	094
2010329	100	594
2010330	019	378
2010331	942	726
2010332	840	743
2010333	682	805
2010334	260	447
2010335	634	296
2010336	864	568
2010337	817	921
2010338	257	693
2010339	202	040
2010340	098	302
2010341	546	917
2010342	025	794
2010343	034	146
2010344	938	703
2010345	073	020
2010346	081	033
2010347	600	469
2010348	131	097
2010349	217	638
2010350	115	194
2010351	282	245
2010352	693	295
2010353	047	085
2010354	371	537
2010355	640	804
2010356	631	869
2010357	280	510
2010358	627	228
2011001	573	142
2011002	624	726
2011003	018	937
2011004	600	640
2011005	758	571
2011006	338	242
2011007	765	285
2011008	156	982
2011009	263	176
2011010	070	573
2011011	374	635
2011012	722	587
2011013	279	879
2011014	821	277
2011015	919	809
2011016	376	777
2011017	560	813
2011018	288	141
2011019	801	358
2011020	196	164
2011021	318	215
2011022	059	782
2011023	015	777
2011024	539	388
2011025	057	546
2011026	448	591
2011027	954	677
2011028	206	347
2011029	106	679
2011030	492	013
2011031	527	937
2011032	561	265
2011033	403	106
2011034	785	200
2011035	372	219
2011036	676	350
2011037	921	063
2011038	384	404
2011039	742	784
2011040	767	958
2011041	551	286
2011042	101	208
2011043	352	133
2011044	151	456
2011045	013	224
2011046	816	816
2011047	755	954
2011048	064	458
2011049	958	730
2011050	537	316
2011051	561	281
2011052	798	057
2011053	267	278
2011054	843	518
2011055	216	742
2011056	967	940
2011057	677	030
2011058	475	062
2011059	318	960
2011060	877	528
2011061	933	843
2011062	931	160
2011063	656	806
2011064	140	725
2011065	974	420
2011066	372	809
2011067	198	544
2011068	937	108
2011069	700	753
2011070	556	334
2011071	365	782
2011072	184	428
2011073	722	172
2011074	066	087
2011075	786	287
2011076	637	746
2011077	573	206
2011078	951	246
2011079	720	785
2011080	755	648
2011081	604	100
2011082	318	491
2011083	554	868
2011084	263	721
2011085	654	337
2011086	622	368
2011087	642	194
2011088	791	342
2011089	291	219
2011090	866	796
2011091	007	315
2011092	924	431
2011093	812	369
2011094	137	849
2011095	565	784
2011096	345	006
2011097	385	429
2011098	716	022
2011099	488	652
2011100	139	714
2011101	138	886
2011102	792	329
2011103	295	666
2011104	146	329
2011105	324	927
2011106	056	158
2011107	732	907
2011108	629	788
2011109	243	920
2011110	749	247
2011111	013	523
2011112	076	574
2011113	079	294
2011114	394	628
2011115	290	827
2011116	735	178
2011117	751	358
2011118	180	727
2011119	390	083
2011120	020	759
2011121	794	220
2011122	856	555
2011123	536	769
2011124	821	791
2011125	507	006
2011126	726	055
2011127	536	467
2011128	300	691
2011129	249	082
2011130	700	038
2011131	403	454
2011132	708	418
2011133	544	016
2011134	867	225
2011135	366	809
2011136	255	559
2011137	867	958
2011138	912	475
2011139	444	265
2011140	849	819
2011141	304	915
2011142	109	789
2011143	559	058
2011144	820	644
2011145	738	494
2011146	537	500
2011147	599	163
2011148	670	439
2011149	382	926
2011150	906	773
2011151	556	541
2011152	236	721
2011153	471	456
2011154	161	682
2011155	209	256
2011156	851	212
2011157	020	582
2011158	825	608
2011159	092	769
2011160	803	510
2011161	268	371
2011162	820	573
2011163	887	635
2011164	161	704
2011165	823	162
2011166	022	454
2011167	461	941
2011168	467	017
2011169	880	922
2011170	326	157
2011171	338	725
2011172	445	227
2011173	747	763
2011174	370	412
2011175	731	262
2011176	127	905
2011177	521	697
2011178	591	145
2011179	393	170
2011180	052	804
2011181	079	918
2011182	478	353
2011183	889	341
2011184	838	209
2011185	499	767
2011186	795	242
2011187	731	931
2011188	012	430
2011189	504	472
2011190	506	464
2011191	947	351
2011192	617	746
2011193	533	868
2011194	797	210
2011195	959	385
2011196	684	415
2011197	321	638
2011198	822	985
2011199	181	263
2011200	689	552
2011201	023	348
2011202	791	750
2011203	404	017
2011204	689	127
2011205	703	341
2011206	057	144
2011207	952	699
2011208	807	439
2011209	083	992
2011210	020	540
2011211	468	779
2011212	672	862
2011213	252	109
2011214	901	911
2011215	927	457
2011216	376	969
2011217	587	618
2011218	289	648
2011219	797	485
2011220	863	999
2011221	982	069
2011222	463	713
2011223	389	345
2011224	174	610
2011225	375	863
2011226	297	242
2011227	795	084
2011228	697	820
2011229	887	176
2011230	213	936
2011231	465	827
2011232	911	452
2011233	614	002
2011234	839	211
2011235	262	056
2011236	690	634
2011237	432	662
2011238	480	301
2011239	470	787
2011240	320	975
2011241	918	868
2011242	036	697
2011243	276	866
2011244	831	716
2011245	223	080
2011246	012	650
2011247	243	684
2011248	024	370
2011249	664	358
2011250	350	770
2011251	006	251
2011252	671	808
2011253	912	560
2011254	413	497
2011255	926	068
2011256	606	214
2011257	897	818
2011258	769	442
2011259	268	365
2011260	634	628
2011261	590	189
2011262	811	525
2011263	548	928
2011264	802	499
2011265	371	080
2011266	194	248
2011267	998	501
2011268	596	599
2011269	795	399
2011270	195	139
2011271	152	355
2011272	906	643
2011273	001	416
2011274	715	342
2011275	647	360
2011276	279	509
2011277	170	265
2011278	249	087
2011279	684	241
2011280	042	567
2011281	011	481
2011282	970	753
2011283	997	436
2011284	954	902
2011285	183	632
2011286	841	531
2011287	571	429
2011288	424	422
2011289	940	455
2011290	209	240
2011291	916	310
2011292	277	961
2011293	163	098
2011294	151	717
2011295	740	624
2011296	017	766
2011297	861	042
2011298	682	872
2011299	726	567
2011300	291	838
2011301	058	947
2011302	930	171
2011303	595	385
2011304	719	350
2011305	869	010
2011306	028	754
2011307	804	261
2011308	214	433
2011309	637	268
2011310	641	469
2011311	709	539
2011312	482	068
2011313	480	180
2011314	884	708
2011315	338	330
2011316	374	933
2011317	457	134
2011318	952	116
2011319	216	443
2011320	887	442
2011321	210	944
2011322	881	220
2011323	956	724
2011324	011	436
2011325	398	385
2011326	355	381
2011327	526	791
2011328	628	619
2011329	914	838
2011330	476	890
2011331	678	934
2011332	901	805
2011333	216	246
2011334	134	783
2011335	615	762
2011336	338	541
2011337	915	724
2011338	361	808
2011339	877	613
2011340	090	045
2011341	282	961
2011342	056	333
2011343	176	920
2011344	140	908
2011345	248	580
2011346	074	993
2011347	681	533
2011348	724	772
2011349	522	781
2011350	806	368
2011351	868	145
2011352	647	589
2011353	845	012
2011354	266	489
2011355	362	488
2011356	824	917
2011357	232	193
2011358	495	254
2012001	867	309
2012002	900	209
2012003	640	750
2012004	094	960
2012005	361	135
2012006	327	882
2012007	776	880
2012008	989	497
2012009	917	166
2012010	278	594
2012011	533	315
2012012	026	224
2012013	428	317
2012014	795	637
2012015	484	180
2012016	832	749
2012017	275	538
2012018	073	030
2012019	924	045
2012020	318	446
2012021	381	967
2012022	075	425
2012023	268	633
2012024	237	997
2012025	013	755
2012026	102	746
2012027	528	263
2012028	429	731
2012029	702	100
2012030	562	982
2012031	630	195
2012032	767	421
2012033	904	865
2012034	279	465
2012035	784	369
2012036	697	287
2012037	905	978
2012038	565	032
2012039	793	757
2012040	288	470
2012041	756	664
2012042	110	001
2012043	069	525
2012044	429	723
2012045	220	026
2012046	423	493
2012047	682	642
2012048	372	875
2012049	769	808
2012050	756	035
2012051	667	302
2012052	707	355
2012053	338	663
2012054	458	103
2012055	659	712
2012056	181	607
2012057	975	608
2012058	707	096
2012059	288	269
2012060	282	492
2012061	002	763
2012062	558	023
2012063	877	128
2012064	803	478
2012065	558	775
2012066	536	648
2012067	476	193
2012068	251	856
2012069	921	693
2012070	965	757
2012071	705	759
2012072	032	795
2012073	852	069
2012074	567	841
2012075	703	537
2012076	306	606
2012077	152	388
2012078	733	122
2012079	463	457
2012080	909	482
2012081	764	922
2012082	910	325
2012083	811	116
2012084	697	618
2012085	248	912
2012086	275	973
2012087	561	544
2012088	236	363
2012089	939	080
2012090	827	549
2012091	885	220
2012092	620	553
2012093	902	002
2012094	355	668
2012095	216	588
2012096	597	870
2012097	567	861
2012098	912	996
2012099	983	405
2012100	122	413
2012101	294	695
2012102	883	077
2012103	743	301
2012104	535	990
2012105	215	382
2012106	746	436
2012107	411	728
2012108	890	758
2012109	013	120
2012110	791	645
2012111	638	810
2012112	370	383
2012113	480	070
2012114	627	850
2012115	542	086
2012116	240	339
2012117	700	665
2012118	299	518
2012119	262	100
2012120	432	436
2012121	373	694
2012122	939	585
2012123	910	234
2012124	382	108
2012125	257	143
2012126	118	507
2012127	958	985
2012128	446	431
2012129	846	368
2012130	855	290
2012131	051	527
2012132	251	659
2012133	635	347
